34360
79524
79524
80364
88604
88604
80596
80596
80596
80596
80596
80596
80596
80596
80596
80596
80596
80596
80596
80972
89156
89156
89156
89156
89156
89156
89156
89156
89156
89156
89156
89420
89420
89420
89420
81100
81100
81100
81100
81100
81100
81100
81100
81100
81100
81100
81100
81100
81360
81360
81360
81360
81360
81360
81360
81360
81360
81360
81360
81360
81360
81360
81360
81360
81360
80988
80988
82040
82040
82040
82040
82040
82040
82040
82040
82304
82304
82304
82304
82304
82304
82304
82304
82304
82304
82304
82304
82304
82304
82304
82304
74340
82520
82520
82520
82520
82520
82520
82520
82520
82520
82520
82520
82520
82520
82520
82520
82520
82520
82520
82520
82520
82520
82520
82520
82520
82520
90968
82768
82768
82768
82768
82768
82768
82768
82768
82768
82768
82768
83032
83032
83032
83032
83032
83032
83032
83032
83032
83032
83032
83032
83032
83032
83032
83032
83032
83032
83032
83032
83032
83032
83032
83032
83032
83032
83032
83032
83032
83032
83296
83296
83296
83296
83296
83296
83296
83296
83296
83296
83296
83296
83296
83296
83296
83296
83296
83296
83560
83560
83560
83560
83560
83560
83560
83560
83560
83560
83560
83560
83560
83560
83560
83560
83560
83560
83560
83560
83560
83560
83560
83560
83560
83824
83824
83824
83824
83824
83824
83824
83824
83824
83824
83824
83824
92008
75632
83812
83812
83812
83812
83812
83812
83812
83812
83812
83812
83812
83812
83812
83812
83812
83812
83812
84076
84076
84076
84076
84076
84076
84076
84076
84076
84076
84076
84076
84076
84076
84076
84076
84076
84076
84076
84076
84076
84076
84076
84076
92524
92524
92524
92524
92524
92524
92524
92524
92524
92524
92524
92524
92524
92524
92524
92524
92524
92524
92524
92524
92788
92788
92788
92788
92788
92788
92788
92788
92788
92788
92788
92788
92788
92788
92788
92788
92788
92788
92788
92788
92788
92788
92788
92788
92788
92788
92788
92788
92788
92788
92788
92788
92788
92788
92788
92788
92788
92788
92788
92788
92788
93052
93052
93316
93316
93316
93316
93316
93316
93316
93316
93316
93316
93316
93316
93316
93316
93316
93316
93316
93316
93316
93316
93316
93316
93316
93316
93316
93316
93316
93316
93316
93316
93316
93316
93316
93316
93316
93316
93316
93316
93316
93316
93316
93316
93316
93580
93580
93844
93844
93844
93844
93844
93844
93844
93844
93844
93844
93844
93844
93844
93844
93844
93844
93844
93844
93844
93844
93844
93844
93844
93844
93844
