0.0
0.0
0.0
0.0
0.0
0.0
0.0
0.0
0.0
0.0
40.0
20.0
20.0
20.0
20.0
20.0
20.0
20.0
60.0
0.0
50.0
50.0
33.333333333333336
0.0
50.0
50.0
16.666666666666668
50.0
66.66666666666667
33.333333333333336
23.076923076923077
53.84615384615385
61.53846153846154
30.76923076923077
61.53846153846154
53.84615384615385
69.23076923076923
30.76923076923077
76.92307692307692
0.0
43.75
81.25
43.75
75.0
68.75
62.5
75.0
56.25
62.5
62.5
73.33333333333333
46.666666666666664
60.0
53.333333333333336
60.0
73.33333333333333
46.666666666666664
66.66666666666667
73.33333333333333
53.333333333333336
40.0
40.0
40.0
40.0
40.0
40.0
60.0
20.0
20.0
20.0
0.0
0.0
0.0
0.0
0.0
0.0
0.0
0.0
0.0
0.0
50.0
50.0
50.0
50.0
50.0
25.0
75.0
50.0
50.0
50.0
0.0
0.0
0.0
0.0
0.0
0.0
0.0
0.0
0.0
0.0
33.333333333333336
0.0
0.0
33.333333333333336
33.333333333333336
0.0
33.333333333333336
0.0
33.333333333333336
0.0
50.0
33.333333333333336
50.0
16.666666666666668
16.666666666666668
0.0
0.0
33.333333333333336
50.0
50.0
66.66666666666667
33.333333333333336
50.0
50.0
33.333333333333336
33.333333333333336
66.66666666666667
33.333333333333336
50.0
50.0
16.666666666666668
33.333333333333336
16.666666666666668
16.666666666666668
0.0
33.333333333333336
50.0
33.333333333333336
33.333333333333336
33.333333333333336
68.75
37.5
68.75
50.0
37.5
75.0
50.0
43.75
37.5
25.0
44.44444444444444
33.333333333333336
33.333333333333336
44.44444444444444
44.44444444444444
44.44444444444444
44.44444444444444
44.44444444444444
55.55555555555556
55.55555555555556
58.333333333333336
66.66666666666667
50.0
75.0
75.0
75.0
75.0
33.333333333333336
33.333333333333336
83.33333333333333
62.96296296296296
74.07407407407408
81.48148148148148
59.25925925925926
77.77777777777777
40.74074074074074
44.44444444444444
48.148148148148145
81.48148148148148
62.96296296296296
0.0
0.0
0.0
0.0
0.0
0.0
0.0
0.0
0.0
0.0
25.0
25.0
50.0
25.0
50.0
50.0
25.0
25.0
50.0
50.0
0.0
0.0
0.0
0.0
0.0
0.0
0.0
0.0
0.0
0.0
0.0
33.333333333333336
33.333333333333336
33.333333333333336
33.333333333333336
0.0
0.0
0.0
0.0
0.0
33.333333333333336
33.333333333333336
16.666666666666668
33.333333333333336
33.333333333333336
33.333333333333336
33.333333333333336
33.333333333333336
33.333333333333336
16.666666666666668
33.333333333333336
33.333333333333336
33.333333333333336
0.0
0.0
33.333333333333336
33.333333333333336
0.0
33.333333333333336
33.333333333333336
66.66666666666667
83.33333333333333
75.0
58.333333333333336
58.333333333333336
50.0
58.333333333333336
50.0
58.333333333333336
66.66666666666667
57.142857142857146
50.0
71.42857142857143
57.142857142857146
57.142857142857146
64.28571428571429
35.714285714285715
21.428571428571427
71.42857142857143
64.28571428571429
33.333333333333336
0.0
33.333333333333336
0.0
33.333333333333336
0.0
33.333333333333336
33.333333333333336
33.333333333333336
33.333333333333336
50.0
50.0
16.666666666666668
16.666666666666668
50.0
50.0
66.66666666666667
33.333333333333336
33.333333333333336
66.66666666666667
66.66666666666667
58.333333333333336
75.0
58.333333333333336
33.333333333333336
58.333333333333336
58.333333333333336
66.66666666666667
41.666666666666664
58.333333333333336
