(6461,6467,2914)|2|2|0.0|14|14|0.0|2|2|1|1|4|4|0.0|6|6|0.0|0.053627729415893555|0.051430702209472656|0|0.10505843162536621
(6461,6467,2914)|2|2|0.0|14|14|0.0|2|2|1|1|4|4|0.0|6|6|0.0|0.06546521186828613|0.05208110809326172|0|0.11754631996154785
(6461,6467,2914)|2|2|0.0|14|14|0.0|2|2|1|1|4|4|0.0|6|6|0.0|0.06843209266662598|0.049863576889038086|0|0.11829566955566406
(6461,6467,2914)|2|2|0.0|14|14|0.0|2|2|1|1|4|4|0.0|6|6|0.0|0.061733245849609375|0.12755441665649414|0|0.18928766250610352
(6461,6467,2914)|2|2|0.0|14|14|0.0|2|2|1|1|4|4|0.0|6|6|0.0|0.06573152542114258|0.09264707565307617|0|0.15837860107421875
(6461,6467,2914)|2|2|0.0|14|14|0.0|2|2|1|1|4|4|0.0|6|6|0.0|0.07575058937072754|0.05015110969543457|0|0.1259016990661621
(6461,6467,2914)|2|2|0.0|14|14|0.0|2|2|1|1|4|4|0.0|6|6|0.0|0.06453943252563477|0.05739426612854004|0|0.1219336986541748
(6461,6467,2914)|2|2|0.0|14|14|0.0|2|2|1|1|4|4|0.0|6|6|0.0|0.05745673179626465|0.11670637130737305|0|0.1741631031036377
(6461,6467,2914)|2|2|0.0|14|14|0.0|2|2|1|1|4|4|0.0|6|6|0.0|0.06951045989990234|0.06283831596374512|0|0.13234877586364746
(6461,6467,2914)|2|2|0.0|14|14|0.0|2|2|1|1|4|4|0.0|6|6|0.0|0.06193065643310547|0.09933280944824219|0|0.16126346588134766
(6461,6467,1)|5|3|40.0|42|26|38.095238095238095|2|2|2|2|7|6|14.285714285714286|12|10|16.666666666666668|1.6062090396881104|0.9871196746826172|0|2.5933287143707275
(6461,6467,1)|5|4|20.0|42|34|19.047619047619047|2|2|2|2|7|7|0.0|12|12|0.0|0.6677980422973633|0.9082596302032471|0|1.5760576725006104
(6461,6467,1)|5|4|20.0|42|34|19.047619047619047|2|2|2|2|7|7|0.0|12|12|0.0|1.638110876083374|1.6380460262298584|0|3.2761569023132324
(6461,6467,1)|5|4|20.0|42|34|19.047619047619047|2|2|2|2|7|7|0.0|12|11|8.333333333333334|1.8892152309417725|1.5889525413513184|0|3.478167772293091
(6461,6467,1)|5|4|20.0|42|34|19.047619047619047|2|2|2|2|7|7|0.0|12|12|0.0|1.36897873878479|1.330444097518921|0|2.699422836303711
(6461,6467,1)|5|4|20.0|42|34|19.047619047619047|2|2|2|2|7|7|0.0|12|12|0.0|1.65128493309021|1.545353889465332|0|3.196638822555542
(6461,6467,1)|5|4|20.0|42|34|19.047619047619047|2|2|2|2|7|7|0.0|12|11|8.333333333333334|1.5617702007293701|1.5644958019256592|0|3.1262660026550293
(6461,6467,1)|5|4|20.0|42|34|19.047619047619047|2|2|2|2|7|7|0.0|12|11|8.333333333333334|1.5777034759521484|1.6697032451629639|0|3.2474067211151123
(6461,6467,1)|5|2|60.0|42|18|57.142857142857146|2|2|2|1|7|5|28.571428571428573|12|7|41.666666666666664|1.6383376121520996|0.7179806232452393|0|2.356318235397339
(6461,6467,1)|5|5|0.0|42|42|0.0|2|2|2|2|7|7|0.0|12|12|0.0|0.7705860137939453|1.0738239288330078|0|1.8444099426269531
(6461,6467,1239)|6|3|50.0|46|22|52.17391304347826|2|2|2|1|5|4|20.0|10|7|30.0|0.25196337699890137|0.6917340755462646|0|0.943697452545166
(6461,6467,1239)|6|3|50.0|46|22|52.17391304347826|2|2|2|1|5|4|20.0|10|7|30.0|0.21424221992492676|0.4502542018890381|0|0.6644964218139648
(6461,6467,1239)|6|4|33.333333333333336|46|30|34.78260869565217|2|2|2|2|5|5|0.0|10|9|10.0|0.42491960525512695|0.5784893035888672|0|1.0034089088439941
(6461,6467,1239)|6|6|0.0|46|46|0.0|2|2|2|2|5|5|0.0|10|10|0.0|0.24698543548583984|1.2934396266937256|0|1.5404250621795654
(6461,6467,1239)|6|3|50.0|46|22|52.17391304347826|2|2|2|1|5|4|20.0|10|7|30.0|0.3182339668273926|1.0713446140289307|0|1.3895785808563232
(6461,6467,1239)|6|3|50.0|46|22|52.17391304347826|2|1|2|2|5|4|20.0|10|7|30.0|0.3504362106323242|0.6323099136352539|0|0.9827461242675781
(6461,6467,1239)|6|5|16.666666666666668|46|38|17.391304347826086|2|2|2|2|5|5|0.0|10|10|0.0|0.3618805408477783|1.0263493061065674|0|1.3882298469543457
(6461,6467,1239)|6|3|50.0|46|22|52.17391304347826|2|1|2|2|5|4|20.0|10|7|30.0|0.22371959686279297|0.43210601806640625|0|0.6558256149291992
(6461,6467,1239)|6|2|66.66666666666667|46|14|69.56521739130434|2|1|2|2|5|3|40.0|10|5|50.0|0.1823582649230957|0.39292359352111816|0|0.5752818584442139
(6461,6467,1239)|6|4|33.333333333333336|46|30|34.78260869565217|2|1|2|2|5|4|20.0|10|8|20.0|0.22138452529907227|0.6938364505767822|0|0.9152209758758545
(6461,6467,701)|13|10|23.076923076923077|116|86|25.862068965517242|2|2|3|3|9|7|22.22222222222222|17|13|23.529411764705884|18.092206716537476|26.806731700897217|0|44.89893841743469
(6461,6467,701)|13|6|53.84615384615385|116|52|55.172413793103445|2|1|3|3|9|7|22.22222222222222|17|13|23.529411764705884|10.357192754745483|14.788445949554443|0|25.145638704299927
(6461,6467,701)|13|5|61.53846153846154|116|42|63.793103448275865|2|2|3|2|9|5|44.44444444444444|17|10|41.1764705882353|9.213922500610352|13.209526300430298|0|22.42344880104065
(6461,6467,701)|13|9|30.76923076923077|116|82|29.310344827586206|2|2|3|3|9|8|11.11111111111111|17|15|11.764705882352942|13.40235161781311|14.710391759872437|0|28.112743377685547
(6461,6467,701)|13|5|61.53846153846154|116|44|62.06896551724138|2|1|3|2|9|7|22.22222222222222|17|12|29.41176470588235|10.32650637626648|13.071258068084717|0|23.397764444351196
(6461,6467,701)|13|6|53.84615384615385|116|50|56.89655172413793|2|1|3|3|9|6|33.333333333333336|17|11|35.294117647058826|9.350175619125366|16.35818362236023|0|25.708359241485596
(6461,6467,701)|13|4|69.23076923076923|116|34|70.6896551724138|2|1|3|3|9|6|33.333333333333336|17|10|41.1764705882353|4.763932704925537|5.919666767120361|0|10.683599472045898
(6461,6467,701)|13|9|30.76923076923077|116|82|29.310344827586206|2|2|3|3|9|8|11.11111111111111|17|15|11.764705882352942|13.685523509979248|15.63249921798706|0|29.31802272796631
(6461,6467,701)|13|3|76.92307692307692|116|24|79.3103448275862|2|1|3|2|9|4|55.55555555555556|17|7|58.8235294117647|5.343691349029541|8.430923461914062|0|13.774614810943604
(6461,6467,701)|13|13|0.0|116|116|0.0|2|2|3|3|9|9|0.0|17|17|0.0|24.509230136871338|31.91190004348755|0|56.42113018035889
(701,6467,2914)|16|9|43.75|134|74|44.776119402985074|4|2|2|2|10|7|30.0|22|14|36.36363636363637|9.253504991531372|13.716461658477783|0|22.969966650009155
(701,6467,2914)|16|3|81.25|134|24|82.08955223880596|4|1|2|1|10|5|50.0|22|8|63.63636363636363|6.396973609924316|5.166128635406494|0|11.56310224533081
(701,6467,2914)|16|9|43.75|134|78|41.791044776119406|4|2|2|2|10|9|10.0|22|16|27.272727272727273|16.209508180618286|15.413696765899658|0|31.623204946517944
(701,6467,2914)|16|4|75.0|134|32|76.11940298507463|4|2|2|1|10|7|30.0|22|11|50.0|6.469861030578613|7.468239068984985|0|13.938100099563599
(701,6467,2914)|16|5|68.75|134|40|70.14925373134328|4|2|2|1|10|6|40.0|22|11|50.0|6.502799987792969|9.183138847351074|0|15.685938835144043
(701,6467,2914)|16|6|62.5|134|50|62.6865671641791|4|1|2|2|10|6|40.0|22|11|50.0|7.3117334842681885|8.473720788955688|0|15.785454273223877
(701,6467,2914)|16|4|75.0|134|34|74.6268656716418|4|1|2|1|10|6|40.0|22|10|54.54545454545455|11.052980422973633|7.626606225967407|0|18.67958664894104
(701,6467,2914)|16|7|56.25|134|56|58.208955223880594|4|3|2|1|10|8|20.0|22|15|31.818181818181817|6.509372234344482|12.847391128540039|0|19.35676336288452
(701,6467,2914)|16|6|62.5|134|48|64.17910447761194|4|3|2|1|10|8|20.0|22|14|36.36363636363637|6.356290102005005|10.778531312942505|0|17.13482141494751
(701,6467,2914)|16|6|62.5|134|50|62.6865671641791|4|2|2|2|10|8|20.0|22|13|40.90909090909091|9.255887985229492|9.388829708099365|0|18.644717693328857
(701,6467,1)|15|4|73.33333333333333|142|38|73.2394366197183|4|1|2|1|11|6|45.45454545454545|23|10|56.52173913043478|19.245167016983032|16.07775592803955|0|35.32292294502258
(701,6467,1)|15|8|46.666666666666664|142|74|47.88732394366197|4|3|2|2|11|9|18.181818181818183|23|17|26.08695652173913|21.98982834815979|32.83794188499451|0|54.8277702331543
(701,6467,1)|15|6|60.0|142|56|60.563380281690144|4|3|2|2|11|8|27.272727272727273|23|15|34.78260869565217|17.600847244262695|21.61469078063965|0|39.215538024902344
(701,6467,1)|15|7|53.333333333333336|142|66|53.521126760563384|4|2|2|2|11|9|18.181818181818183|23|17|26.08695652173913|21.88279676437378|24.219300508499146|0|46.102097272872925
(701,6467,1)|15|6|60.0|142|56|60.563380281690144|4|3|2|2|11|8|27.272727272727273|23|15|34.78260869565217|15.361708879470825|19.802209615707397|0|35.16391849517822
(701,6467,1)|15|4|73.33333333333333|142|36|74.64788732394366|4|2|2|2|11|6|45.45454545454545|23|11|52.17391304347826|7.436028003692627|11.779921531677246|0|19.215949535369873
(701,6467,1)|15|8|46.666666666666664|142|74|47.88732394366197|4|2|2|2|11|9|18.181818181818183|23|17|26.08695652173913|21.610223054885864|28.41460156440735|0|50.02482461929321
(701,6467,1)|15|5|66.66666666666667|142|46|67.6056338028169|4|1|2|2|11|8|27.272727272727273|23|13|43.47826086956522|11.379058599472046|13.519412755966187|0|24.898471355438232
(701,6467,1)|15|4|73.33333333333333|142|36|74.64788732394366|4|3|2|1|11|6|45.45454545454545|23|10|56.52173913043478|11.385387420654297|16.40166711807251|0|27.787054538726807
(701,6467,1)|15|7|53.333333333333336|142|64|54.929577464788736|4|2|2|2|11|8|27.272727272727273|23|15|34.78260869565217|18.99311923980713|28.475085258483887|0|47.468204498291016
(701,6467,6461)|5|3|40.0|44|26|40.90909090909091|4|3|1|1|8|6|25.0|13|9|30.76923076923077|1.6292142868041992|2.0743141174316406|0|3.70352840423584
(701,6467,6461)|5|3|40.0|44|26|40.90909090909091|4|3|1|1|8|6|25.0|13|9|30.76923076923077|1.6601653099060059|2.109503746032715|0|3.7696690559387207
(701,6467,6461)|5|3|40.0|44|28|36.36363636363637|4|2|1|1|8|6|25.0|13|9|30.76923076923077|2.853102922439575|1.8262734413146973|0|4.6793763637542725
(701,6467,6461)|5|3|40.0|44|28|36.36363636363637|4|2|1|1|8|6|25.0|13|9|30.76923076923077|2.8949804306030273|1.8039977550506592|0|4.6989781856536865
(701,6467,6461)|5|3|40.0|44|26|40.90909090909091|4|3|1|1|8|6|25.0|13|9|30.76923076923077|1.588334083557129|2.133739471435547|0|3.722073554992676
(701,6467,6461)|5|3|40.0|44|26|40.90909090909091|4|3|1|1|8|6|25.0|13|9|30.76923076923077|1.5638103485107422|2.110612392425537|0|3.6744227409362793
(701,6467,6461)|5|2|60.0|44|18|59.09090909090909|4|2|1|1|8|5|37.5|13|7|46.15384615384615|1.645226001739502|1.3343467712402344|0|2.9795727729797363
(701,6467,6461)|5|4|20.0|44|36|18.181818181818183|4|3|1|1|8|7|12.5|13|11|15.384615384615385|2.9499552249908447|2.8641932010650635|0|5.814148426055908
(701,6467,6461)|5|4|20.0|44|36|18.181818181818183|4|3|1|1|8|7|12.5|13|11|15.384615384615385|2.9190104007720947|2.7045094966888428|0|5.6235198974609375
(701,6467,6461)|5|4|20.0|44|36|18.181818181818183|4|3|1|1|8|7|12.5|13|11|15.384615384615385|2.8377926349639893|2.516101837158203|0|5.353894472122192
(1785,6467,2914)|2|2|0.0|14|14|0.0|1|1|2|2|4|4|0.0|6|6|0.0|0.12350177764892578|0.07340240478515625|0|0.19690418243408203
(1785,6467,2914)|2|2|0.0|14|14|0.0|1|1|2|2|4|4|0.0|6|6|0.0|0.08791780471801758|0.09133315086364746|0|0.17925095558166504
(1785,6467,2914)|2|2|0.0|14|14|0.0|1|1|2|2|4|4|0.0|6|6|0.0|0.05989813804626465|0.03984785079956055|0|0.0997459888458252
(1785,6467,2914)|2|2|0.0|14|14|0.0|1|1|2|2|4|4|0.0|6|6|0.0|0.06303858757019043|0.03766369819641113|0|0.10070228576660156
(1785,6467,2914)|2|2|0.0|14|14|0.0|1|1|2|2|4|4|0.0|6|6|0.0|0.06582760810852051|0.05091452598571777|0|0.11674213409423828
(1785,6467,2914)|2|2|0.0|14|14|0.0|1|1|2|2|4|4|0.0|6|6|0.0|0.05825614929199219|0.04743337631225586|0|0.10568952560424805
(1785,6467,2914)|2|2|0.0|14|14|0.0|1|1|2|2|4|4|0.0|6|6|0.0|0.05655360221862793|0.044251441955566406|0|0.10080504417419434
(1785,6467,2914)|2|2|0.0|14|14|0.0|1|1|2|2|4|4|0.0|6|6|0.0|0.059632062911987305|0.05292820930480957|0|0.11256027221679688
(1785,6467,2914)|2|2|0.0|14|14|0.0|1|1|2|2|4|4|0.0|6|6|0.0|0.054657936096191406|0.03928208351135254|0|0.09394001960754395
(1785,6467,2914)|2|2|0.0|14|14|0.0|1|1|2|2|4|4|0.0|6|6|0.0|0.05570721626281738|0.11359429359436035|0|0.16930150985717773
(1785,6467,1)|4|2|50.0|32|16|50.0|1|1|3|1|7|4|42.857142857142854|11|6|45.45454545454545|0.14329743385314941|0.19342684745788574|0|0.33672428131103516
(1785,6467,1)|4|2|50.0|32|16|50.0|1|1|3|2|7|4|42.857142857142854|11|6|45.45454545454545|0.13112998008728027|0.21493220329284668|0|0.34606218338012695
(1785,6467,1)|4|2|50.0|32|16|50.0|1|1|3|2|7|4|42.857142857142854|11|6|45.45454545454545|0.12101531028747559|0.16620635986328125|0|0.28722167015075684
(1785,6467,1)|4|2|50.0|32|16|50.0|1|1|3|2|7|5|28.571428571428573|11|7|36.36363636363637|0.1632084846496582|0.24049019813537598|0|0.4036986827850342
(1785,6467,1)|4|2|50.0|32|16|50.0|1|1|3|2|7|5|28.571428571428573|11|7|36.36363636363637|0.19882988929748535|0.16872954368591309|0|0.36755943298339844
(1785,6467,1)|4|3|25.0|32|24|25.0|1|1|3|2|7|5|28.571428571428573|11|8|27.272727272727273|0.13902592658996582|0.37316417694091797|0|0.5121901035308838
(1785,6467,1)|4|1|75.0|32|8|75.0|1|1|3|1|7|3|57.142857142857146|11|4|63.63636363636363|0.10889863967895508|0.058480024337768555|0|0.16737866401672363
(1785,6467,1)|4|2|50.0|32|16|50.0|1|1|3|2|7|4|42.857142857142854|11|6|45.45454545454545|0.12687397003173828|0.1362466812133789|0|0.2631206512451172
(1785,6467,1)|4|2|50.0|32|16|50.0|1|1|3|1|7|4|42.857142857142854|11|6|45.45454545454545|0.12223958969116211|0.2534976005554199|0|0.37573719024658203
(1785,6467,1)|4|2|50.0|32|16|50.0|1|1|3|2|7|4|42.857142857142854|11|6|45.45454545454545|0.12407922744750977|0.17464399337768555|0|0.2987232208251953
(1785,6467,6461)|1|1|0.0|8|8|0.0|1|1|1|1|3|3|0.0|4|4|0.0|0.009726762771606445|2.384185791015625e-05|0|0.009750604629516602
(1785,6467,6461)|1|1|0.0|8|8|0.0|1|1|1|1|3|3|0.0|4|4|0.0|0.009961605072021484|0.0008783340454101562|0|0.01083993911743164
(1785,6467,6461)|1|1|0.0|8|8|0.0|1|1|1|1|3|3|0.0|4|4|0.0|0.009485483169555664|0.0007655620574951172|0|0.010251045227050781
(1785,6467,6461)|1|1|0.0|8|8|0.0|1|1|1|1|3|3|0.0|4|4|0.0|0.009444475173950195|0.0007734298706054688|0|0.010217905044555664
(1785,6467,6461)|1|1|0.0|8|8|0.0|1|1|1|1|3|3|0.0|4|4|0.0|0.009634256362915039|0.000682830810546875|0|0.010317087173461914
(1785,6467,6461)|1|1|0.0|8|8|0.0|1|1|1|1|3|3|0.0|4|4|0.0|0.009449005126953125|0.0007071495056152344|0|0.01015615463256836
(1785,6467,6461)|1|1|0.0|8|8|0.0|1|1|1|1|3|3|0.0|4|4|0.0|0.009448051452636719|0.0007150173187255859|0|0.010163068771362305
(1785,6467,6461)|1|1|0.0|8|8|0.0|1|1|1|1|3|3|0.0|4|4|0.0|0.009586811065673828|0.0006897449493408203|0|0.010276556015014648
(1785,6467,6461)|1|1|0.0|8|8|0.0|1|1|1|1|3|3|0.0|4|4|0.0|0.009486913681030273|0.0008060932159423828|0|0.010293006896972656
(1785,6467,6461)|1|1|0.0|8|8|0.0|1|1|1|1|3|3|0.0|4|4|0.0|0.009457111358642578|0.0007030963897705078|0|0.010160207748413086
(1785,6467,1239)|3|2|33.333333333333336|22|14|36.36363636363637|1|1|2|2|4|3|25.0|7|5|28.571428571428573|0.09450650215148926|0.10885977745056152|0|0.20336627960205078
(1785,6467,1239)|3|3|0.0|22|22|0.0|1|1|2|2|4|4|0.0|7|7|0.0|0.09241676330566406|0.18546414375305176|0|0.2778809070587158
(1785,6467,1239)|3|3|0.0|22|22|0.0|1|1|2|2|4|4|0.0|7|7|0.0|0.09434008598327637|0.1921217441558838|0|0.28646183013916016
(1785,6467,1239)|3|2|33.333333333333336|22|14|36.36363636363637|1|1|2|2|4|3|25.0|7|5|28.571428571428573|0.09018826484680176|0.11764812469482422|0|0.20783638954162598
(1785,6467,1239)|3|2|33.333333333333336|22|14|36.36363636363637|1|1|2|2|4|3|25.0|7|5|28.571428571428573|0.16207575798034668|0.09413623809814453|0|0.2562119960784912
(1785,6467,1239)|3|3|0.0|22|22|0.0|1|1|2|2|4|4|0.0|7|7|0.0|0.12137222290039062|0.227402925491333|0|0.34877514839172363
(1785,6467,1239)|3|2|33.333333333333336|22|14|36.36363636363637|1|1|2|2|4|3|25.0|7|5|28.571428571428573|0.16471099853515625|0.08925199508666992|0|0.25396299362182617
(1785,6467,1239)|3|3|0.0|22|22|0.0|1|1|2|2|4|4|0.0|7|7|0.0|0.10761857032775879|0.12409496307373047|0|0.23171353340148926
(1785,6467,1239)|3|2|33.333333333333336|22|14|36.36363636363637|1|1|2|2|4|3|25.0|7|5|28.571428571428573|0.16447782516479492|0.12434744834899902|0|0.28882527351379395
(1785,6467,1239)|3|3|0.0|22|22|0.0|1|1|2|2|4|4|0.0|7|7|0.0|0.0830085277557373|0.19671225547790527|0|0.2797207832336426
(1785,6467,701)|6|3|50.0|52|24|53.84615384615385|1|1|3|3|8|6|25.0|14|9|35.714285714285715|2.0823233127593994|3.565255641937256|0|5.647578954696655
(1785,6467,701)|6|4|33.333333333333336|52|32|38.46153846153846|1|1|3|3|8|6|25.0|14|10|28.571428571428573|1.026534080505371|1.4751625061035156|0|2.5016965866088867
(1785,6467,701)|6|3|50.0|52|24|53.84615384615385|1|1|3|3|8|6|25.0|14|9|35.714285714285715|1.986832618713379|3.3030543327331543|0|5.289886951446533
(1785,6467,701)|6|5|16.666666666666668|52|44|15.384615384615385|1|1|3|3|8|8|0.0|14|13|7.142857142857143|5.037919759750366|4.821342945098877|0|9.859262704849243
(1785,6467,701)|6|5|16.666666666666668|52|42|19.23076923076923|1|1|3|3|8|7|12.5|14|12|14.285714285714286|1.2717061042785645|2.3850879669189453|0|3.6567940711975098
(1785,6467,701)|6|6|0.0|52|52|0.0|1|1|3|3|8|8|0.0|14|14|0.0|5.040205955505371|6.1173319816589355|0|11.157537937164307
(1785,6467,701)|6|6|0.0|52|52|0.0|1|1|3|3|8|8|0.0|14|14|0.0|5.073710203170776|6.21038031578064|0|11.284090518951416
(1785,6467,701)|6|4|33.333333333333336|52|34|34.61538461538461|1|1|3|3|8|7|12.5|14|11|21.428571428571427|3.5928711891174316|4.021145820617676|0|7.614017009735107
(1785,6467,701)|6|3|50.0|52|24|53.84615384615385|1|1|3|3|8|6|25.0|14|9|35.714285714285715|0.985933780670166|1.2308361530303955|0|2.2167699337005615
(1785,6467,701)|6|3|50.0|52|24|53.84615384615385|1|1|3|3|8|6|25.0|14|9|35.714285714285715|1.6851909160614014|2.3492279052734375|0|4.034418821334839
(1,6467,2914)|6|2|66.66666666666667|44|14|68.18181818181819|4|2|1|1|8|4|50.0|14|6|57.142857142857146|0.16790175437927246|0.3951106071472168|0|0.5630123615264893
(1,6467,2914)|6|4|33.333333333333336|44|28|36.36363636363637|4|4|1|1|8|6|25.0|14|10|28.571428571428573|0.25962090492248535|1.135817050933838|0|1.3954379558563232
(1,6467,2914)|6|3|50.0|44|20|54.54545454545455|4|3|1|1|8|5|37.5|14|8|42.857142857142854|0.6522214412689209|0.6710238456726074|0|1.3232452869415283
(1,6467,2914)|6|3|50.0|44|22|50.0|4|2|1|1|8|5|37.5|14|8|42.857142857142854|0.3332986831665039|0.8844137191772461|0|1.21771240234375
(1,6467,2914)|6|4|33.333333333333336|44|30|31.818181818181817|4|3|1|1|8|6|25.0|14|10|28.571428571428573|0.35717344284057617|0.8059968948364258|0|1.163170337677002
(1,6467,2914)|6|4|33.333333333333336|44|30|31.818181818181817|4|3|1|1|8|6|25.0|14|10|28.571428571428573|0.3540780544281006|0.6202476024627686|0|0.9743256568908691
(1,6467,2914)|6|2|66.66666666666667|44|14|68.18181818181819|4|2|1|1|8|4|50.0|14|6|57.142857142857146|0.17308497428894043|0.2780280113220215|0|0.4511129856109619
(1,6467,2914)|6|4|33.333333333333336|44|28|36.36363636363637|4|3|1|1|8|6|25.0|14|10|28.571428571428573|0.2746555805206299|0.6149084568023682|0|0.889564037322998
(1,6467,2914)|6|3|50.0|44|22|50.0|4|2|1|1|8|5|37.5|14|8|42.857142857142854|0.18703150749206543|0.5724849700927734|0|0.7595164775848389
(1,6467,2914)|6|3|50.0|44|22|50.0|4|3|1|1|8|5|37.5|14|8|42.857142857142854|0.2514324188232422|0.47897863388061523|0|0.7304110527038574
(1,6467,1239)|6|5|16.666666666666668|50|40|20.0|4|4|1|1|8|7|12.5|14|12|14.285714285714286|3.594128370285034|5.278846979141235|0|8.87297534942627
(1,6467,1239)|6|4|33.333333333333336|50|30|40.0|4|4|1|1|8|7|12.5|14|11|21.428571428571427|1.997572422027588|4.372728109359741|0|6.370300531387329
(1,6467,1239)|6|5|16.666666666666668|50|40|20.0|4|4|1|1|8|8|0.0|14|13|7.142857142857143|3.249643087387085|5.303450107574463|0|8.553093194961548
(1,6467,1239)|6|5|16.666666666666668|50|44|12.0|4|3|1|1|8|7|12.5|14|12|14.285714285714286|4.947633504867554|4.855401277542114|0|9.803034782409668
(1,6467,1239)|6|6|0.0|50|50|0.0|4|4|1|1|8|8|0.0|14|14|0.0|5.031987905502319|6.304429292678833|0|11.336417198181152
(1,6467,1239)|6|4|33.333333333333336|50|34|32.0|4|3|1|1|8|6|25.0|14|10|28.571428571428573|3.889439105987549|4.066871643066406|0|7.956310749053955
(1,6467,1239)|6|3|50.0|50|24|52.0|4|3|1|1|8|6|25.0|14|9|35.714285714285715|2.1643993854522705|3.5148749351501465|0|5.679274320602417
(1,6467,1239)|6|4|33.333333333333336|50|30|40.0|4|4|1|1|8|7|12.5|14|11|21.428571428571427|1.957676887512207|4.494598150253296|0|6.452275037765503
(1,6467,1239)|6|4|33.333333333333336|50|34|32.0|4|3|1|1|8|7|12.5|14|11|21.428571428571427|3.2536962032318115|4.040246248245239|0|7.293942451477051
(1,6467,1239)|6|4|33.333333333333336|50|34|32.0|4|3|1|1|8|6|25.0|14|10|28.571428571428573|3.868523597717285|4.231004476547241|0|8.099528074264526
(1,6467,701)|16|5|68.75|146|42|71.23287671232876|4|2|2|1|11|7|36.36363636363637|23|12|47.82608695652174|13.18239712715149|20.995166778564453|0|34.17756390571594
(1,6467,701)|16|10|37.5|146|88|39.726027397260275|4|4|2|1|11|10|9.090909090909092|23|19|17.391304347826086|33.493374824523926|41.27061891555786|0|74.76399374008179
(1,6467,701)|16|5|68.75|146|42|71.23287671232876|4|2|2|1|11|7|36.36363636363637|23|12|47.82608695652174|13.617133140563965|20.625818252563477|0|34.24295139312744
(1,6467,701)|16|8|50.0|146|72|50.68493150684932|4|4|2|1|11|9|18.181818181818183|23|16|30.434782608695652|28.063793897628784|32.19528102874756|0|60.25907492637634
(1,6467,701)|16|10|37.5|146|88|39.726027397260275|4|4|2|1|11|9|18.181818181818183|23|18|21.73913043478261|28.538631916046143|40.665109395980835|0|69.20374131202698
(1,6467,701)|16|4|75.0|146|34|76.71232876712328|4|2|2|1|11|6|45.45454545454545|23|10|56.52173913043478|11.247101783752441|16.75864863395691|0|28.00575041770935
(1,6467,701)|16|8|50.0|146|68|53.42465753424658|4|3|2|1|11|8|27.272727272727273|23|15|34.78260869565217|22.04194664955139|33.121827125549316|0|55.16377377510071
(1,6467,701)|16|9|43.75|146|76|47.945205479452056|4|3|2|1|11|10|9.090909090909092|23|20|13.043478260869565|19.569973468780518|33.91125011444092|0|53.481223583221436
(1,6467,701)|16|10|37.5|146|92|36.986301369863014|4|4|2|1|11|10|9.090909090909092|23|18|21.73913043478261|24.78545904159546|33.44961071014404|0|58.2350697517395
(1,6467,701)|16|12|25.0|146|106|27.397260273972602|4|4|2|1|11|10|9.090909090909092|23|21|8.695652173913043|31.078103065490723|42.84593057632446|0|73.92403364181519
(2914,6467,1)|9|5|44.44444444444444|72|40|44.44444444444444|3|3|2|2|9|7|22.22222222222222|17|12|29.41176470588235|2.4277539253234863|2.6091160774230957|0|5.036870002746582
(2914,6467,1)|9|6|33.333333333333336|72|48|33.333333333333336|3|3|2|2|9|7|22.22222222222222|17|13|23.529411764705884|2.1168408393859863|3.053772211074829|0|5.170613050460815
(2914,6467,1)|9|6|33.333333333333336|72|48|33.333333333333336|3|3|2|2|9|8|11.11111111111111|17|14|17.647058823529413|2.8074300289154053|3.364966630935669|0|6.172396659851074
(2914,6467,1)|9|5|44.44444444444444|72|40|44.44444444444444|3|3|2|2|9|6|33.333333333333336|17|10|41.1764705882353|2.4899489879608154|2.7790544033050537|0|5.269003391265869
(2914,6467,1)|9|5|44.44444444444444|72|40|44.44444444444444|3|3|2|2|9|7|22.22222222222222|17|13|23.529411764705884|2.0530893802642822|3.3621132373809814|0|5.415202617645264
(2914,6467,1)|9|5|44.44444444444444|72|40|44.44444444444444|3|3|2|2|9|7|22.22222222222222|17|13|23.529411764705884|2.484912157058716|3.2244155406951904|0|5.709327697753906
(2914,6467,1)|9|5|44.44444444444444|72|40|44.44444444444444|3|3|2|2|9|7|22.22222222222222|17|13|23.529411764705884|2.017512321472168|2.979059934616089|0|4.996572256088257
(2914,6467,1)|9|5|44.44444444444444|72|40|44.44444444444444|3|3|2|2|9|6|33.333333333333336|17|10|41.1764705882353|2.426792621612549|2.7555911540985107|0|5.18238377571106
(2914,6467,1)|9|4|55.55555555555556|72|32|55.55555555555556|3|3|2|2|9|6|33.333333333333336|17|10|41.1764705882353|2.4804909229278564|2.083287477493286|0|4.563778400421143
(2914,6467,1)|9|4|55.55555555555556|72|32|55.55555555555556|3|3|2|2|9|6|33.333333333333336|17|11|35.294117647058826|2.521780490875244|2.2186317443847656|0|4.74041223526001
(2914,6467,1239)|12|5|58.333333333333336|94|38|59.57446808510638|3|2|2|2|8|6|25.0|18|11|38.888888888888886|0.8641693592071533|2.175995111465454|0|3.0401644706726074
(2914,6467,1239)|12|4|66.66666666666667|94|30|68.08510638297872|3|3|2|2|8|7|12.5|18|11|38.888888888888886|0.5847992897033691|1.4905226230621338|0|2.075321912765503
(2914,6467,1239)|12|6|50.0|94|46|51.06382978723404|3|2|2|2|8|7|12.5|18|13|27.77777777777778|0.4615359306335449|2.1216084957122803|0|2.583144426345825
(2914,6467,1239)|12|3|75.0|94|22|76.59574468085107|3|2|2|1|8|4|50.0|18|7|61.111111111111114|0.44188809394836426|1.0465123653411865|0|1.4884004592895508
(2914,6467,1239)|12|3|75.0|94|22|76.59574468085107|3|2|2|1|8|4|50.0|18|7|61.111111111111114|0.43180322647094727|1.1017773151397705|0|1.5335805416107178
(2914,6467,1239)|12|3|75.0|94|22|76.59574468085107|3|1|2|2|8|4|50.0|18|7|61.111111111111114|0.47217679023742676|1.1590256690979004|0|1.6312024593353271
(2914,6467,1239)|12|3|75.0|94|22|76.59574468085107|3|1|2|2|8|4|50.0|18|7|61.111111111111114|0.4798729419708252|1.0574619770050049|0|1.53733491897583
(2914,6467,1239)|12|8|33.333333333333336|94|62|34.04255319148936|3|2|2|2|8|6|25.0|18|14|22.22222222222222|0.593674898147583|3.1207878589630127|0|3.7144627571105957
(2914,6467,1239)|12|8|33.333333333333336|94|62|34.04255319148936|3|2|2|2|8|6|25.0|18|13|27.77777777777778|0.5490047931671143|2.8566439151763916|0|3.405648708343506
(2914,6467,1239)|12|2|83.33333333333333|94|14|85.1063829787234|3|1|2|2|8|3|62.5|18|5|72.22222222222223|0.466594934463501|0.634387731552124|0|1.100982666015625
(2914,6467,701)|27|10|62.96296296296296|242|86|64.46280991735537|3|2|3|2|10|6|40.0|23|14|39.130434782608695|35.063377141952515|54.39475226402283|0|89.45812940597534
(2914,6467,701)|27|7|74.07407407407408|242|60|75.20661157024793|3|3|3|2|10|7|30.0|23|14|39.130434782608695|29.534244537353516|38.5078763961792|0|68.04212093353271
(2914,6467,701)|27|5|81.48148148148148|242|42|82.64462809917356|3|2|3|1|10|5|50.0|23|9|60.869565217391305|18.755472898483276|28.099894285202026|0|46.8553671836853
(2914,6467,701)|27|11|59.25925925925926|242|96|60.33057851239669|3|2|3|2|10|6|40.0|23|14|39.130434782608695|37.0023410320282|53.06290149688721|0|90.0652425289154
(2914,6467,701)|27|6|77.77777777777777|242|52|78.51239669421487|3|2|3|1|10|7|30.0|23|13|43.47826086956522|22.135114908218384|27.77164602279663|0|49.906760931015015
(2914,6467,701)|27|16|40.74074074074074|242|142|41.32231404958678|3|3|3|2|10|9|10.0|23|20|13.043478260869565|62.80527877807617|75.78581619262695|0|138.59109497070312
(2914,6467,701)|27|15|44.44444444444444|242|134|44.62809917355372|3|3|3|2|10|8|20.0|23|18|21.73913043478261|56.22478747367859|74.31749844551086|0|130.54228591918945
(2914,6467,701)|27|14|48.148148148148145|242|122|49.586776859504134|3|2|3|2|10|8|20.0|23|17|26.08695652173913|44.788733959198|66.87916612625122|0|111.66790008544922
(2914,6467,701)|27|5|81.48148148148148|242|42|82.64462809917356|3|2|3|2|10|6|40.0|23|11|52.17391304347826|20.91439390182495|28.28788733482361|0|49.20228123664856
(2914,6467,701)|27|10|62.96296296296296|242|84|65.2892561983471|3|2|3|2|10|5|50.0|23|11|52.17391304347826|32.56190228462219|50.60926175117493|0|83.17116403579712
(7018,6467,2914)|2|2|0.0|14|14|0.0|1|1|2|2|4|4|0.0|6|6|0.0|0.05888938903808594|0.0694282054901123|0|0.12831759452819824
(7018,6467,2914)|2|2|0.0|14|14|0.0|1|1|2|2|4|4|0.0|6|6|0.0|0.05662965774536133|0.05016016960144043|0|0.10678982734680176
(7018,6467,2914)|2|2|0.0|14|14|0.0|1|1|2|2|4|4|0.0|6|6|0.0|0.08032417297363281|0.039309024810791016|0|0.11963319778442383
(7018,6467,2914)|2|2|0.0|14|14|0.0|1|1|2|2|4|4|0.0|6|6|0.0|0.060054779052734375|0.03929901123046875|0|0.09935379028320312
(7018,6467,2914)|2|2|0.0|14|14|0.0|1|1|2|2|4|4|0.0|6|6|0.0|0.05441761016845703|0.037544965744018555|0|0.09196257591247559
(7018,6467,2914)|2|2|0.0|14|14|0.0|1|1|2|2|4|4|0.0|6|6|0.0|0.13762474060058594|0.046384334564208984|0|0.18400907516479492
(7018,6467,2914)|2|2|0.0|14|14|0.0|1|1|2|2|4|4|0.0|6|6|0.0|0.053040266036987305|0.04451704025268555|0|0.09755730628967285
(7018,6467,2914)|2|2|0.0|14|14|0.0|1|1|2|2|4|4|0.0|6|6|0.0|0.09623360633850098|0.07338953018188477|0|0.16962313652038574
(7018,6467,2914)|2|2|0.0|14|14|0.0|1|1|2|2|4|4|0.0|6|6|0.0|0.060894012451171875|0.038823843002319336|0|0.09971785545349121
(7018,6467,2914)|2|2|0.0|14|14|0.0|1|1|2|2|4|4|0.0|6|6|0.0|0.0631866455078125|0.0768120288848877|0|0.1399986743927002
(7018,6467,1)|4|3|25.0|32|24|25.0|1|1|3|2|7|6|14.285714285714286|11|9|18.181818181818183|0.2615659236907959|0.3415510654449463|0|0.6031169891357422
(7018,6467,1)|4|3|25.0|32|24|25.0|1|1|3|2|7|5|28.571428571428573|11|8|27.272727272727273|0.12493491172790527|0.34914207458496094|0|0.4740769863128662
(7018,6467,1)|4|2|50.0|32|16|50.0|1|1|3|1|7|4|42.857142857142854|11|6|45.45454545454545|0.3315410614013672|0.2545969486236572|0|0.5861380100250244
(7018,6467,1)|4|3|25.0|32|24|25.0|1|1|3|2|7|6|14.285714285714286|11|9|18.181818181818183|0.17894625663757324|0.2795431613922119|0|0.45848941802978516
(7018,6467,1)|4|2|50.0|32|16|50.0|1|1|3|2|7|4|42.857142857142854|11|6|45.45454545454545|0.12384748458862305|0.15716028213500977|0|0.2810077667236328
(7018,6467,1)|4|2|50.0|32|16|50.0|1|1|3|2|7|4|42.857142857142854|11|6|45.45454545454545|0.11188745498657227|0.22745203971862793|0|0.3393394947052002
(7018,6467,1)|4|3|25.0|32|24|25.0|1|1|3|2|7|5|28.571428571428573|11|8|27.272727272727273|0.13919401168823242|0.3256990909576416|0|0.464893102645874
(7018,6467,1)|4|3|25.0|32|24|25.0|1|1|3|2|7|6|14.285714285714286|11|9|18.181818181818183|0.1472330093383789|0.2545461654663086|0|0.4017791748046875
(7018,6467,1)|4|2|50.0|32|16|50.0|1|1|3|2|7|5|28.571428571428573|11|7|36.36363636363637|0.11494922637939453|0.1665482521057129|0|0.2814974784851074
(7018,6467,1)|4|2|50.0|32|16|50.0|1|1|3|2|7|4|42.857142857142854|11|6|45.45454545454545|0.20922374725341797|0.1481790542602539|0|0.3574028015136719
(7018,6467,6461)|1|1|0.0|8|8|0.0|1|1|1|1|3|3|0.0|4|4|0.0|0.009401798248291016|2.3365020751953125e-05|0|0.009425163269042969
(7018,6467,6461)|1|1|0.0|8|8|0.0|1|1|1|1|3|3|0.0|4|4|0.0|0.00949859619140625|0.0007288455963134766|0|0.010227441787719727
(7018,6467,6461)|1|1|0.0|8|8|0.0|1|1|1|1|3|3|0.0|4|4|0.0|0.009559154510498047|0.0007693767547607422|0|0.010328531265258789
(7018,6467,6461)|1|1|0.0|8|8|0.0|1|1|1|1|3|3|0.0|4|4|0.0|0.009564399719238281|0.0008690357208251953|0|0.010433435440063477
(7018,6467,6461)|1|1|0.0|8|8|0.0|1|1|1|1|3|3|0.0|4|4|0.0|0.009583711624145508|0.0009660720825195312|0|0.010549783706665039
(7018,6467,6461)|1|1|0.0|8|8|0.0|1|1|1|1|3|3|0.0|4|4|0.0|0.009544134140014648|0.0008161067962646484|0|0.010360240936279297
(7018,6467,6461)|1|1|0.0|8|8|0.0|1|1|1|1|3|3|0.0|4|4|0.0|0.009595155715942383|0.000762939453125|0|0.010358095169067383
(7018,6467,6461)|1|1|0.0|8|8|0.0|1|1|1|1|3|3|0.0|4|4|0.0|0.009752750396728516|0.0008409023284912109|0|0.010593652725219727
(7018,6467,6461)|1|1|0.0|8|8|0.0|1|1|1|1|3|3|0.0|4|4|0.0|0.009625673294067383|0.0007832050323486328|0|0.010408878326416016
(7018,6467,6461)|1|1|0.0|8|8|0.0|1|1|1|1|3|3|0.0|4|4|0.0|0.009557723999023438|0.0008494853973388672|0|0.010407209396362305
(7018,6467,1239)|3|3|0.0|22|22|0.0|1|1|2|2|4|4|0.0|7|7|0.0|0.1044924259185791|0.30637121200561523|0|0.41086363792419434
(7018,6467,1239)|3|2|33.333333333333336|22|14|36.36363636363637|1|1|2|2|4|3|25.0|7|5|28.571428571428573|0.0832681655883789|0.23139286041259766|0|0.31466102600097656
(7018,6467,1239)|3|2|33.333333333333336|22|14|36.36363636363637|1|1|2|2|4|3|25.0|7|5|28.571428571428573|0.10173201560974121|0.1459496021270752|0|0.2476816177368164
(7018,6467,1239)|3|2|33.333333333333336|22|14|36.36363636363637|1|1|2|2|4|3|25.0|7|5|28.571428571428573|0.12413144111633301|0.11155867576599121|0|0.23569011688232422
(7018,6467,1239)|3|2|33.333333333333336|22|14|36.36363636363637|1|1|2|2|4|3|25.0|7|5|28.571428571428573|0.16402053833007812|0.10647416114807129|0|0.2704946994781494
(7018,6467,1239)|3|3|0.0|22|22|0.0|1|1|2|2|4|4|0.0|7|7|0.0|0.11461019515991211|0.25839996337890625|0|0.37301015853881836
(7018,6467,1239)|3|3|0.0|22|22|0.0|1|1|2|2|4|4|0.0|7|7|0.0|0.1355741024017334|0.20662379264831543|0|0.34219789505004883
(7018,6467,1239)|3|3|0.0|22|22|0.0|1|1|2|2|4|4|0.0|7|7|0.0|0.09471583366394043|0.196305513381958|0|0.29102134704589844
(7018,6467,1239)|3|3|0.0|22|22|0.0|1|1|2|2|4|4|0.0|7|7|0.0|0.1201164722442627|0.16772198677062988|0|0.2878384590148926
(7018,6467,1239)|3|3|0.0|22|22|0.0|1|1|2|2|4|4|0.0|7|7|0.0|0.08957839012145996|0.2029874324798584|0|0.29256582260131836
(7018,6467,701)|6|4|33.333333333333336|52|34|34.61538461538461|1|1|3|3|8|7|12.5|14|11|21.428571428571427|3.692338466644287|4.110941648483276|0|7.8032801151275635
(7018,6467,701)|6|4|33.333333333333336|52|32|38.46153846153846|1|1|3|3|8|6|25.0|14|10|28.571428571428573|1.9607887268066406|4.364905595779419|0|6.32569432258606
(7018,6467,701)|6|5|16.666666666666668|52|42|19.23076923076923|1|1|3|3|8|7|12.5|14|12|14.285714285714286|3.188318967819214|5.460052013397217|0|8.64837098121643
(7018,6467,701)|6|4|33.333333333333336|52|34|34.61538461538461|1|1|3|3|8|7|12.5|14|11|21.428571428571427|3.5391056537628174|4.247491121292114|0|7.786596775054932
(7018,6467,701)|6|4|33.333333333333336|52|32|38.46153846153846|1|1|3|3|8|6|25.0|14|10|28.571428571428573|1.3444514274597168|2.5790553092956543|0|3.923506736755371
(7018,6467,701)|6|4|33.333333333333336|52|32|38.46153846153846|1|1|3|3|8|6|25.0|14|10|28.571428571428573|2.0410499572753906|4.659143924713135|0|6.700193881988525
(7018,6467,701)|6|4|33.333333333333336|52|34|34.61538461538461|1|1|3|3|8|7|12.5|14|11|21.428571428571427|3.523056983947754|4.061496019363403|0|7.584553003311157
(7018,6467,701)|6|4|33.333333333333336|52|32|38.46153846153846|1|1|3|3|8|6|25.0|14|10|28.571428571428573|1.2815253734588623|2.4932913780212402|0|3.7748167514801025
(7018,6467,701)|6|4|33.333333333333336|52|34|34.61538461538461|1|1|3|3|8|7|12.5|14|11|21.428571428571427|3.5065910816192627|4.020832777023315|0|7.527423858642578
(7018,6467,701)|6|5|16.666666666666668|52|42|19.23076923076923|1|1|3|3|8|7|12.5|14|12|14.285714285714286|3.2088711261749268|5.3288562297821045|0|8.537727355957031
(1239,6467,7018)|3|2|33.333333333333336|22|14|36.36363636363637|2|2|1|1|4|3|25.0|7|5|28.571428571428573|0.11851000785827637|0.1265718936920166|0|0.24508190155029297
(1239,6467,7018)|3|2|33.333333333333336|22|14|36.36363636363637|2|2|1|1|4|3|25.0|7|5|28.571428571428573|0.0989077091217041|0.12233257293701172|0|0.22124028205871582
(1239,6467,7018)|3|2|33.333333333333336|22|14|36.36363636363637|2|2|1|1|4|3|25.0|7|5|28.571428571428573|0.11469149589538574|0.13757538795471191|0|0.25226688385009766
(1239,6467,7018)|3|3|0.0|22|22|0.0|2|2|1|1|4|4|0.0|7|7|0.0|0.09056472778320312|0.30256152153015137|0|0.3931262493133545
(1239,6467,7018)|3|3|0.0|22|22|0.0|2|2|1|1|4|4|0.0|7|7|0.0|0.08754658699035645|0.2563154697418213|0|0.34386205673217773
(1239,6467,7018)|3|2|33.333333333333336|22|14|36.36363636363637|2|2|1|1|4|3|25.0|7|5|28.571428571428573|0.11468815803527832|0.2018108367919922|0|0.3164989948272705
(1239,6467,7018)|3|2|33.333333333333336|22|14|36.36363636363637|2|2|1|1|4|3|25.0|7|5|28.571428571428573|0.07708001136779785|0.19273066520690918|0|0.26981067657470703
(1239,6467,7018)|3|3|0.0|22|22|0.0|2|2|1|1|4|4|0.0|7|7|0.0|0.24654006958007812|0.32544922828674316|0|0.5719892978668213
(1239,6467,7018)|3|2|33.333333333333336|22|14|36.36363636363637|2|2|1|1|4|3|25.0|7|5|28.571428571428573|0.08483195304870605|0.09845113754272461|0|0.18328309059143066
(1239,6467,7018)|3|2|33.333333333333336|22|14|36.36363636363637|2|2|1|1|4|3|25.0|7|5|28.571428571428573|0.10873746871948242|0.14259052276611328|0|0.2513279914855957
(1239,6467,2914)|12|4|66.66666666666667|94|30|68.08510638297872|2|1|3|3|8|6|25.0|18|10|44.44444444444444|0.4418344497680664|1.5426995754241943|0|1.9845340251922607
(1239,6467,2914)|12|2|83.33333333333333|94|14|85.1063829787234|2|1|3|2|8|3|62.5|18|5|72.22222222222223|0.37793779373168945|0.624659538269043|0|1.0025973320007324
(1239,6467,2914)|12|3|75.0|94|22|76.59574468085107|2|2|3|2|8|4|50.0|18|7|61.111111111111114|0.4599649906158447|0.9434342384338379|0|1.4033992290496826
(1239,6467,2914)|12|5|58.333333333333336|94|38|59.57446808510638|2|2|3|3|8|7|12.5|18|12|33.333333333333336|0.554985523223877|1.962838888168335|0|2.517824411392212
(1239,6467,2914)|12|5|58.333333333333336|94|38|59.57446808510638|2|2|3|2|8|6|25.0|18|12|33.333333333333336|0.5208780765533447|1.796912670135498|0|2.3177907466888428
(1239,6467,2914)|12|6|50.0|94|46|51.06382978723404|2|2|3|2|8|5|37.5|18|10|44.44444444444444|0.4825553894042969|2.2225513458251953|0|2.705106735229492
(1239,6467,2914)|12|5|58.333333333333336|94|38|59.57446808510638|2|1|3|3|8|5|37.5|18|10|44.44444444444444|0.5567550659179688|1.4673233032226562|0|2.024078369140625
(1239,6467,2914)|12|6|50.0|94|46|51.06382978723404|2|2|3|2|8|6|25.0|18|12|33.333333333333336|0.4150736331939697|2.0209105014801025|0|2.4359841346740723
(1239,6467,2914)|12|5|58.333333333333336|94|38|59.57446808510638|2|2|3|2|8|6|25.0|18|12|33.333333333333336|0.6267545223236084|1.9351115226745605|0|2.561866044998169
(1239,6467,2914)|12|4|66.66666666666667|94|30|68.08510638297872|2|2|3|2|8|5|37.5|18|9|50.0|0.5428996086120605|1.4680733680725098|0|2.0109729766845703
(1239,6467,1)|14|6|57.142857142857146|126|52|58.73015873015873|2|2|3|3|9|8|11.11111111111111|19|14|26.31578947368421|11.620995998382568|17.339303493499756|0|28.960299491882324
(1239,6467,1)|14|7|50.0|126|62|50.79365079365079|2|2|3|3|9|7|22.22222222222222|19|14|26.31578947368421|8.959540843963623|10.433697700500488|0|19.39323854446411
(1239,6467,1)|14|4|71.42857142857143|126|34|73.01587301587301|2|2|3|2|9|6|33.333333333333336|19|10|47.36842105263158|10.242769479751587|11.966145277023315|0|22.208914756774902
(1239,6467,1)|14|6|57.142857142857146|126|52|58.73015873015873|2|2|3|3|9|7|22.22222222222222|19|13|31.57894736842105|5.878463268280029|7.080352783203125|0|12.958816051483154
(1239,6467,1)|14|6|57.142857142857146|126|52|58.73015873015873|2|2|3|2|9|7|22.22222222222222|19|13|31.57894736842105|13.630845785140991|18.228037357330322|0|31.858883142471313
(1239,6467,1)|14|5|64.28571428571429|126|42|66.66666666666667|2|2|3|2|9|6|33.333333333333336|19|11|42.10526315789474|10.51781940460205|15.863182783126831|0|26.381002187728882
(1239,6467,1)|14|9|35.714285714285715|126|80|36.507936507936506|2|2|3|3|9|8|11.11111111111111|19|16|15.789473684210526|19.415335655212402|25.652751922607422|0|45.068087577819824
(1239,6467,1)|14|11|21.428571428571427|126|96|23.80952380952381|2|2|3|3|9|7|22.22222222222222|19|14|26.31578947368421|18.539255380630493|30.104414224624634|0|48.64366960525513
(1239,6467,1)|14|4|71.42857142857143|126|34|73.01587301587301|2|2|3|2|9|6|33.333333333333336|19|10|47.36842105263158|10.309991359710693|12.293793201446533|0|22.603784561157227
(1239,6467,1)|14|5|64.28571428571429|126|44|65.07936507936508|2|2|3|2|9|6|33.333333333333336|19|12|36.8421052631579|13.900606393814087|14.87053370475769|0|28.771140098571777
(1239,6467,1785)|3|2|33.333333333333336|22|14|36.36363636363637|2|2|1|1|4|3|25.0|7|5|28.571428571428573|0.13571810722351074|0.13257050514221191|0|0.26828861236572266
(1239,6467,1785)|3|3|0.0|22|22|0.0|2|2|1|1|4|4|0.0|7|7|0.0|0.1776895523071289|0.21132755279541016|0|0.38901710510253906
(1239,6467,1785)|3|2|33.333333333333336|22|14|36.36363636363637|2|2|1|1|4|3|25.0|7|5|28.571428571428573|0.16413354873657227|0.14620709419250488|0|0.31034064292907715
(1239,6467,1785)|3|3|0.0|22|22|0.0|2|2|1|1|4|4|0.0|7|7|0.0|0.11148333549499512|0.3570277690887451|0|0.46851110458374023
(1239,6467,1785)|3|2|33.333333333333336|22|14|36.36363636363637|2|2|1|1|4|3|25.0|7|5|28.571428571428573|0.1273808479309082|0.15938520431518555|0|0.28676605224609375
(1239,6467,1785)|3|3|0.0|22|22|0.0|2|2|1|1|4|4|0.0|7|7|0.0|0.1940762996673584|0.22463035583496094|0|0.41870665550231934
(1239,6467,1785)|3|2|33.333333333333336|22|14|36.36363636363637|2|2|1|1|4|3|25.0|7|5|28.571428571428573|0.09947943687438965|0.13738203048706055|0|0.2368614673614502
(1239,6467,1785)|3|2|33.333333333333336|22|14|36.36363636363637|2|2|1|1|4|3|25.0|7|5|28.571428571428573|0.09509444236755371|0.09786605834960938|0|0.19296050071716309
(1239,6467,1785)|3|2|33.333333333333336|22|14|36.36363636363637|2|2|1|1|4|3|25.0|7|5|28.571428571428573|0.1110992431640625|0.13459110260009766|0|0.24569034576416016
(1239,6467,1785)|3|2|33.333333333333336|22|14|36.36363636363637|2|2|1|1|4|3|25.0|7|5|28.571428571428573|0.16666293144226074|0.24616575241088867|0|0.4128286838531494
(1239,6467,6461)|6|3|50.0|46|22|52.17391304347826|2|2|2|1|5|4|20.0|10|7|30.0|0.2471609115600586|0.5933752059936523|0|0.8405361175537109
(1239,6467,6461)|6|3|50.0|46|22|52.17391304347826|2|1|2|2|5|4|20.0|10|7|30.0|0.2856757640838623|0.5499255657196045|0|0.8356013298034668
(1239,6467,6461)|6|5|16.666666666666668|46|38|17.391304347826086|2|2|2|2|5|5|0.0|10|10|0.0|0.2018570899963379|0.9861221313476562|0|1.1879792213439941
(1239,6467,6461)|6|5|16.666666666666668|46|38|17.391304347826086|2|2|2|2|5|5|0.0|10|10|0.0|0.26326513290405273|0.8219153881072998|0|1.0851805210113525
(1239,6467,6461)|6|3|50.0|46|22|52.17391304347826|2|2|2|1|5|4|20.0|10|7|30.0|0.29279327392578125|0.38522982597351074|0|0.678023099899292
(1239,6467,6461)|6|3|50.0|46|22|52.17391304347826|2|1|2|2|5|4|20.0|10|7|30.0|0.28569889068603516|0.7158944606781006|0|1.0015933513641357
(1239,6467,6461)|6|2|66.66666666666667|46|14|69.56521739130434|2|2|2|1|5|3|40.0|10|5|50.0|0.2923007011413574|0.4185333251953125|0|0.7108340263366699
(1239,6467,6461)|6|4|33.333333333333336|46|30|34.78260869565217|2|2|2|2|5|5|0.0|10|9|10.0|0.323380708694458|0.7775576114654541|0|1.100938320159912
(1239,6467,6461)|6|4|33.333333333333336|46|30|34.78260869565217|2|2|2|1|5|4|20.0|10|8|20.0|0.18609189987182617|0.8867158889770508|0|1.072807788848877
(1239,6467,6461)|6|2|66.66666666666667|46|14|69.56521739130434|2|2|2|1|5|3|40.0|10|5|50.0|0.2773752212524414|0.33791422843933105|0|0.6152894496917725
(1239,6467,701)|12|4|66.66666666666667|108|32|70.37037037037037|2|2|2|1|8|4|50.0|18|7|61.111111111111114|4.558384895324707|10.793418169021606|0|15.351803064346313
(1239,6467,701)|12|5|58.333333333333336|108|42|61.111111111111114|2|2|2|2|8|6|25.0|18|11|38.888888888888886|7.910162448883057|13.215637683868408|0|21.125800132751465
(1239,6467,701)|12|3|75.0|108|24|77.77777777777777|2|2|2|1|8|4|50.0|18|7|61.111111111111114|4.247482538223267|8.024770975112915|0|12.272253513336182
(1239,6467,701)|12|5|58.333333333333336|108|42|61.111111111111114|2|2|2|2|8|6|25.0|18|12|33.333333333333336|5.176364898681641|7.191312074661255|0|12.367676973342896
(1239,6467,701)|12|8|33.333333333333336|108|70|35.18518518518518|2|2|2|2|8|7|12.5|18|14|22.22222222222222|12.379122734069824|20.594359636306763|0|32.97348237037659
(1239,6467,701)|12|5|58.333333333333336|108|42|61.111111111111114|2|2|2|2|8|6|25.0|18|12|33.333333333333336|6.176174879074097|13.255691766738892|0|19.43186664581299
(1239,6467,701)|12|5|58.333333333333336|108|42|61.111111111111114|2|2|2|2|8|6|25.0|18|12|33.333333333333336|8.148414850234985|13.244999170303345|0|21.39341402053833
(1239,6467,701)|12|4|66.66666666666667|108|32|70.37037037037037|2|2|2|1|8|4|50.0|18|7|61.111111111111114|4.458272218704224|11.142059326171875|0|15.600331544876099
(1239,6467,701)|12|7|41.666666666666664|108|62|42.592592592592595|2|2|2|2|8|7|12.5|18|13|27.77777777777778|13.168087482452393|18.52088236808777|0|31.68896985054016
(1239,6467,701)|12|5|58.333333333333336|108|42|61.111111111111114|2|2|2|2|8|6|25.0|18|10|44.44444444444444|6.849826335906982|13.372451066970825|0|20.222277402877808
