#nodes group length data_time condition_time contradiction_time #input_contradiction redundacy_time #input z3_time total_time 
100 1 4  0.006996369361877442 0.002809906005859375 0.0019796133041381837 0  0.0004788875579833984 0 0.002458500862121582 0.012264776229858398 
100 2 43  3.0783596515655516 0.02838296890258789 0.0008238554000854492 0  0.0005903482437133789 0 0.0014142036437988282 3.1081568241119384 
100 3 5  0.0032262563705444335 0.0029313087463378905 0.0006228208541870118 0  0.0005474090576171875 0 0.0011702299118041993 0.007327795028686523 
100 4 13  0.799403977394104 0.007116866111755371 0.0006600856781005859 0  0.0005496978759765625 0 0.0012097835540771484 0.8077306270599365 
100 5 33  2.3623380184173586 0.018951916694641115 0.0007668972015380859 0  0.0006430864334106446 0 0.0014099836349487304 2.3826999187469484 
100 6 13  0.801174521446228 0.006516385078430176 0.0005589723587036133 0  0.00045311450958251953 0 0.0010120868682861328 0.8087029933929444 
100 7 21  1.426217293739319 0.011655187606811524 0.0007314443588256836 0  0.0005235671997070312 0 0.0012550115585327148 1.4391274929046634 
100 8 5  0.0033936500549316406 0.002878236770629883 0.0005362749099731446 0  0.00041649341583251955 0 0.0009527683258056641 0.007224655151367188 
100 9 3  0.0035449504852294923 0.0021576881408691406 0.0009492874145507812 0  0.0006312370300292969 0 0.001580524444580078 0.00728316307067871 
100 10 5  0.0038212060928344725 0.003954601287841797 0.0009518623352050781 0  0.0007026433944702148 0 0.001654505729675293 0.009430313110351562 
100 11 13  0.8438170194625855 0.006133604049682617 0.0006113529205322265 0  0.0005833864212036133 0 0.00119473934173584 0.851145362854004 
100 12 5  0.003541874885559082 0.003495025634765625 0.0006957292556762695 0  0.0005710363388061523 0 0.0012667655944824218 0.008303666114807129 
100 13 15  0.9240918636322022 0.008420658111572266 0.0007270097732543946 0  0.0004744768142700195 0 0.001201486587524414 0.9337140083312988 
100 14 7  0.40521290302276614 0.005390596389770508 0.0008123159408569336 0  0.0004699230194091797 0 0.0012822389602661134 0.4118857383728028 
100 15 3  0.0033000707626342773 0.0019791364669799806 0.000609278678894043 0  0.0004492759704589844 0 0.0010585546493530273 0.006337761878967285 
100 16 7  0.40329780578613283 0.004287028312683105 0.0005491018295288086 0  0.00044362545013427735 0 0.000992727279663086 0.40857756137847906 
100 17 7  0.4038095474243164 0.004567885398864746 0.0009821176528930664 0  0.0005421161651611329 0 0.0015242338180541993 0.4099016666412354 
100 18 5  0.003484082221984863 0.0033504724502563476 0.0006485462188720703 0  0.0010736227035522462 0 0.0017221689224243164 0.008556723594665527 
100 19 9  0.5651102304458618 0.006056141853332519 0.0006033897399902344 0  0.0004554271697998047 0 0.001058816909790039 0.5722251892089844 
Total groups running time: 12.200596237182616
