[Sun Apr  3 02:48:56 2022] [  60338]  1000 60338   135086      238   139264      212             0 xdg-document-po
[Sun Apr  3 02:48:56 2022] [  60342]  1000 60342      695      162    45056       29             0 fusermount
[Sun Apr  3 02:48:56 2022] [  60476]  1000 60476   157967      230   167936      348             0 xdg-desktop-por
[Sun Apr  3 02:48:56 2022] [  60480]  1000 60480   133550      466   208896     1434             0 xdg-desktop-por
[Sun Apr  3 02:48:56 2022] [  60685]  1000 60685   309471       12   192512     1900             0 snap
[Sun Apr  3 02:48:56 2022] [  61108]  1000 61108   219410      403   364544     3007             0 gnome-calendar
[Sun Apr  3 02:48:56 2022] [  61112]  1000 61112   100087      432   233472     3396             0 seahorse
[Sun Apr  3 02:48:56 2022] [  61229]  1000 61229   185368      389   155648      428             0 gvfsd-network
[Sun Apr  3 02:48:56 2022] [  61242]  1000 61242    81357      399   114688      293             0 gvfsd-dnssd
[Sun Apr  3 02:48:56 2022] [  74938]     0 74938     3283      298    65536      189         -1000 sshd
[Sun Apr  3 02:48:56 2022] [  94421]  1000 94421   166507     4896   475136    10519             0 update-manager
[Sun Apr  3 02:48:56 2022] [ 345136]   101 345136     5916      931    90112      925             0 systemd-resolve
[Sun Apr  3 02:48:56 2022] [ 345141]     0 345141    51685      830   401408      330          -250 systemd-journal
[Sun Apr  3 02:48:56 2022] [ 345242]   102 345242    21922      360    69632      148             0 systemd-timesyn
[Sun Apr  3 02:48:56 2022] [ 346896]     0 346896     6366      724    73728      597         -1000 systemd-udevd
[Sun Apr  3 02:48:56 2022] [ 437809]     0 437809     2441      680    57344      182             0 ovsdb-server
[Sun Apr  3 02:48:56 2022] [ 437859]     0 437859     3232     3185    65536        0             0 ovs-vswitchd
[Sun Apr  3 02:48:56 2022] [ 973396]     0 973396    62818     1296   114688      116             0 polkitd
[Sun Apr  3 02:48:56 2022] [ 973400]     0 973400    79002      552   110592      276             0 ModemManager
[Sun Apr  3 02:48:56 2022] [1525414]   128 1525414    54260      285   151552      360          -900 postgres
[Sun Apr  3 02:48:56 2022] [1525415]   128 1525415    24062      155   147456     4071             0 postgres
[Sun Apr  3 02:48:56 2022] [1525417]   128 1525417    54715     5173   409600      374             0 postgres
[Sun Apr  3 02:48:56 2022] [1525418]   128 1525418    54294      630   204800      379             0 postgres
[Sun Apr  3 02:48:56 2022] [1525419]   128 1525419    54260     1114   131072      383             0 postgres
[Sun Apr  3 02:48:56 2022] [1525420]   128 1525420    54429      297   143360      409             0 postgres
[Sun Apr  3 02:48:56 2022] [1525421]   128 1525421    18306      333   114688      410             0 postgres
[Sun Apr  3 02:48:56 2022] [1525422]   128 1525422    54400      153   131072      420             0 postgres
[Sun Apr  3 02:48:56 2022] [1634546]  1002 1634546     3975      330    73728      194             0 systemd
[Sun Apr  3 02:48:56 2022] [1634547]  1002 1634547    42297       11   102400     1272             0 (sd-pam)
[Sun Apr  3 02:48:56 2022] [1634554]  1002 1634554     9760       74    69632      193             0 pipewire
[Sun Apr  3 02:48:56 2022] [1634555]  1002 1634555     5756       44    69632      242             0 pipewire-media-
[Sun Apr  3 02:48:56 2022] [1634572]  1002 1634572     2093       23    61440      118             0 dbus-daemon
[Sun Apr  3 02:48:56 2022] [1634581]  1002 1634581    60100        0    94208      209             0 gvfsd
[Sun Apr  3 02:48:56 2022] [1634586]  1002 1634586    78371       28    98304      120             0 gvfsd-fuse
[Sun Apr  3 02:48:56 2022] [1634614]  1002 1634614   149824      375   229376     1433             0 tracker-miner-f
[Sun Apr  3 02:48:56 2022] [1634660]  1002 1634660    78910      284   110592      145             0 gvfs-udisks2-vo
[Sun Apr  3 02:48:56 2022] [1634665]  1002 1634665    59131        0    86016      148             0 gvfs-goa-volume
[Sun Apr  3 02:48:56 2022] [1634669]  1002 1634669   138701      141   270336     1566             0 goa-daemon
[Sun Apr  3 02:48:56 2022] [1634679]  1002 1634679    78854      104    98304      156             0 goa-identity-se
[Sun Apr  3 02:48:56 2022] [1634689]  1002 1634689    78408       45   102400      180             0 gvfs-afc-volume
[Sun Apr  3 02:48:56 2022] [1634697]  1002 1634697    59083        1    90112      149             0 gvfs-mtp-volume
[Sun Apr  3 02:48:56 2022] [1634701]  1002 1634701    59354       29    90112      151             0 gvfs-gphoto2-vo
[Sun Apr  3 02:48:56 2022] [1652641]  1002 1652641  6055243  5657868 48398336   358180             0 python
[Sun Apr  3 02:48:56 2022] [1652643]   128 1652643    54521      423   155648      340             0 postgres
[Sun Apr  3 02:48:56 2022] [1652644]   128 1652644    54521      429   155648      335             0 postgres
[Sun Apr  3 02:48:56 2022] [1652645]   128 1652645    54521      426   155648      331             0 postgres
[Sun Apr  3 02:48:56 2022] [1652646]   128 1652646    54521      338   155648      426             0 postgres
[Sun Apr  3 02:48:56 2022] [1652647]   128 1652647    54521      400   155648      364             0 postgres
[Sun Apr  3 02:48:56 2022] [1652648]   128 1652648    54521      424   155648      339             0 postgres
[Sun Apr  3 02:48:56 2022] [1652649]   128 1652649    54521      428   155648      335             0 postgres
[Sun Apr  3 02:48:56 2022] [1652650]   128 1652650    54521      441   155648      331             0 postgres
[Sun Apr  3 02:48:56 2022] [1652651]   128 1652651    54755      623   208896      351             0 postgres
[Sun Apr  3 02:48:56 2022] [1652652]   128 1652652    54521      447   188416      346             0 postgres
[Sun Apr  3 02:48:56 2022] [1652653]   128 1652653    54555      500   200704      329             0 postgres
[Sun Apr  3 02:48:56 2022] [1652654]   128 1652654    54561      454   196608      339             0 postgres
[Sun Apr  3 02:48:56 2022] [1652730]   128 1652730    54558      441   180224      341             0 postgres
[Sun Apr  3 02:48:56 2022] [1653456]     0 1653456   402998     3774   335872        2          -900 snapd
[Sun Apr  3 02:48:56 2022] [1653544]     0 1653544    17944      736   118784        0             0 cupsd
[Sun Apr  3 02:48:56 2022] [1653549]     7 1653549     3976      228    73728        0             0 dbus
[Sun Apr  3 02:48:56 2022] [1653550]     7 1653550     3976      265    69632        0             0 dbus
[Sun Apr  3 02:48:56 2022] [1653551]     0 1653551    43872      695   106496        0             0 cups-browsed
[Sun Apr  3 02:48:56 2022] [1653577]     7 1653577     3976      248    69632        0             0 dbus
[Sun Apr  3 02:48:56 2022] [1654215]     0 1654215     3783      363    65536       18             0 sshd
[Sun Apr  3 02:48:56 2022] [1654219]  1001 1654219     3977      511    65536        0             0 systemd
[Sun Apr  3 02:48:56 2022] [1654221]  1001 1654221    42297      564   102400      720             0 (sd-pam)
[Sun Apr  3 02:48:56 2022] [1654227]  1001 1654227     9760      267    61440        0             0 pipewire
[Sun Apr  3 02:48:56 2022] [1654228]  1001 1654228     5756      261    69632        0             0 pipewire-media-
[Sun Apr  3 02:48:56 2022] [1654229]  1001 1654229    70062      484   143360        0             0 pulseaudio
[Sun Apr  3 02:48:56 2022] [1654244]  1001 1654244     2093      141    49152        0             0 dbus-daemon
[Sun Apr  3 02:48:56 2022] [1654259]  1001 1654259    60100      205    94208        0             0 gvfsd
[Sun Apr  3 02:48:56 2022] [1654265]  1001 1654265    78371      125    90112        0             0 gvfsd-fuse
[Sun Apr  3 02:48:56 2022] [1654327]  1001 1654327     3817      276    65536      108             0 sshd
[Sun Apr  3 02:48:56 2022] [1654328]  1001 1654328     2870       11    57344      468             0 bash
[Sun Apr  3 02:48:56 2022] [1654337]  1001 1654337   150362     2308   229376        0             0 tracker-miner-f
[Sun Apr  3 02:48:56 2022] [1654342]  1001 1654342    78910      422   110592        0             0 gvfs-udisks2-vo
[Sun Apr  3 02:48:56 2022] [1654347]  1001 1654347    59131      133    94208        0             0 gvfs-goa-volume
[Sun Apr  3 02:48:56 2022] [1654351]  1001 1654351   138701     1646   262144        0             0 goa-daemon
[Sun Apr  3 02:48:56 2022] [1654359]  1001 1654359    78854      251   106496        0             0 goa-identity-se
[Sun Apr  3 02:48:56 2022] [1654364]  1001 1654364    78408      215   102400        0             0 gvfs-afc-volume
[Sun Apr  3 02:48:56 2022] [1654370]  1001 1654370    59083      152    81920        0             0 gvfs-mtp-volume
[Sun Apr  3 02:48:56 2022] [1654374]  1001 1654374    59352      204    98304        0             0 gvfs-gphoto2-vo
[Sun Apr  3 02:48:56 2022] [1654503]     0 1654503     3783      381    65536        0             0 sshd
[Sun Apr  3 02:48:56 2022] [1654557]  1001 1654557     3817      384    65536        0             0 sshd
[Sun Apr  3 02:48:56 2022] [1654558]  1001 1654558     2870      473    57344        0             0 bash
[Sun Apr  3 02:48:56 2022] [1657525]  1001 1657525     2846      389    57344       75             0 bash
[Sun Apr  3 02:48:56 2022] [1657528]  1001 1657528   251349   194321  1757184      301             0 python3
[Sun Apr  3 02:48:56 2022] [1657532]   128 1657532    55901     8825   262144      249             0 postgres
[Sun Apr  3 02:48:56 2022] [1657533]   128 1657533    54521     1175   155648      286             0 postgres
[Sun Apr  3 02:48:56 2022] [1657534]   128 1657534    54521     1175   155648      286             0 postgres
[Sun Apr  3 02:48:56 2022] [1657536]   128 1657536    55740     8531   258048      254             0 postgres
[Sun Apr  3 02:48:56 2022] [1657537]   128 1657537    54521     1176   155648      286             0 postgres
[Sun Apr  3 02:48:56 2022] [1657538]   128 1657538    55514     6682   233472      254             0 postgres
[Sun Apr  3 02:48:56 2022] [1657539]   128 1657539    54521      920   155648      292             0 postgres
[Sun Apr  3 02:48:56 2022] [1657540]   128 1657540    54521     1175   155648      285             0 postgres
[Sun Apr  3 02:48:56 2022] [1657541]   128 1657541    54521     1176   155648      285             0 postgres
[Sun Apr  3 02:48:56 2022] [1657542]   128 1657542    54561     4556   221184      254             0 postgres
[Sun Apr  3 02:48:56 2022] [1665756]  1001 1665756     3162      124    61440        0             0 top
[Sun Apr  3 02:48:56 2022] [1665757]  1001 1665757     2098       22    57344        0             0 tail
[Sun Apr  3 02:48:56 2022] [1665758]  1001 1665758     2365       27    57344        0             0 awk
[Sun Apr  3 02:48:56 2022] oom-kill:constraint=CONSTRAINT_NONE,nodemask=(null),cpuset=/,mems_allowed=0,global_oom,task_memcg=/user.slice/user-1002.slice/session-19928.scope,task=python,pid=1652641,uid=1002
[Sun Apr  3 02:48:56 2022] Out of memory: Killed process 1652641 (python) total-vm:24220972kB, anon-rss:22631472kB, file-rss:0kB, shmem-rss:0kB, UID:1002 pgtables:47264kB oom_score_adj:0
