34380
70904
70904
71748
71520
79756
79756
79756
79756
79756
79756
80020
80020
88204
88204
88204
88204
88204
88204
88204
88204
88204
88204
88204
88204
88204
88204
88204
88204
88468
88468
88468
88468
88468
88468
88468
88468
88468
88468
88468
88468
88468
88468
88468
88468
88468
88468
88468
88468
88468
88468
88468
88468
88468
88468
88468
88468
88468
88468
88468
88468
88468
88468
88468
88468
88468
88468
88468
88468
88468
88468
88468
88468
88468
88468
88732
88732
88732
88732
88732
88732
88732
88732
88732
88732
88732
88732
88732
88732
88732
88732
88732
88732
88732
88732
88732
88732
88732
88732
88732
88732
88732
88732
88732
88732
88732
88732
88732
88732
88732
88732
88732
88732
88732
88996
88996
88996
88996
88996
88996
88996
88996
88996
88996
88996
88996
88996
88996
88996
88996
88996
88996
88996
88996
88996
88996
88996
88996
88996
88996
88996
88996
88996
88996
88996
88996
88996
88996
88996
88996
88996
88996
88996
88996
88996
88996
88996
88996
88996
88996
88996
88996
88996
88996
88996
88540
88540
88540
88540
88540
88540
88540
88540
88540
88540
88540
88540
88540
88540
88540
88540
88540
88540
88540
88540
88540
88540
88540
88540
88540
88540
88540
88540
88540
88540
88540
88540
88540
88540
88540
88540
88540
88540
88540
88540
88540
88540
88540
88540
88540
88540
88540
88540
88540
88540
88540
88540
88540
88540
88540
88540
88540
88540
88540
88540
88540
88800
88800
88800
88800
88800
88800
88800
88800
88800
88800
88800
88800
88800
88800
88800
88800
88800
88800
88800
88800
88800
88800
88800
88800
88800
88800
88800
88800
88800
88800
88800
88800
88800
88800
88800
88800
88800
88800
88800
88800
88800
88800
88800
88800
88800
88800
89064
89064
89064
89064
89064
89064
89064
89064
89064
89064
89064
89064
89064
89064
89064
89064
89064
89064
89064
89064
89064
89064
89064
89064
89064
89064
89064
89064
89064
89064
89064
89064
89064
89064
89064
89064
89064
89064
89064
89064
89064
89064
89064
89064
89064
89064
89064
89064
89064
89328
89328
89328
89328
89328
89328
89328
89328
89328
89328
89328
89328
89328
89328
89328
89328
89328
89328
89328
89328
89328
89328
89328
89328
89328
89328
89328
89328
89328
89328
89328
89328
89328
89328
89328
89328
89328
89328
89328
89328
89328
89328
89328
89328
89328
89328
89328
89328
89328
89328
89328
89328
89588
89588
89588
89588
89588
89588
89588
89588
89588
89588
89588
89588
89588
89588
89588
89588
89588
89588
89588
89588
89588
89588
89588
89588
89588
89588
89588
89588
89588
89588
89588
89588
89588
89588
89588
89588
89588
89588
89588
89588
89588
89588
89588
89588
89588
89588
89588
89588
89588
89588
89588
89588
89588
89588
89588
89588
89852
89852
89852
89852
89852
89852
89852
89852
89852
89852
89852
89852
89852
89852
89852
89852
89852
89852
89852
89852
89852
89852
89852
89852
89852
89852
89852
89852
89852
89852
89852
89852
89852
