0.0
0.0
0.0
0.0
0.0
0.0
0.0
0.0
0.0
0.0
20.0
20.0
0.0
20.0
0.0
20.0
20.0
20.0
20.0
20.0
0.0
0.0
0.0
16.666666666666668
50.0
33.333333333333336
50.0
66.66666666666667
50.0
66.66666666666667
15.384615384615385
0.0
38.46153846153846
38.46153846153846
15.384615384615385
61.53846153846154
30.76923076923077
15.384615384615385
30.76923076923077
38.46153846153846
56.25
31.25
37.5
56.25
56.25
43.75
25.0
50.0
56.25
18.75
40.0
20.0
33.333333333333336
26.666666666666668
53.333333333333336
20.0
26.666666666666668
26.666666666666668
20.0
6.666666666666667
20.0
40.0
20.0
0.0
40.0
60.0
40.0
20.0
40.0
40.0
0.0
0.0
0.0
0.0
0.0
0.0
0.0
0.0
0.0
0.0
25.0
0.0
25.0
50.0
25.0
0.0
25.0
50.0
25.0
25.0
0.0
0.0
0.0
0.0
0.0
0.0
0.0
0.0
0.0
0.0
0.0
0.0
0.0
33.333333333333336
33.333333333333336
0.0
0.0
33.333333333333336
33.333333333333336
0.0
33.333333333333336
33.333333333333336
16.666666666666668
16.666666666666668
16.666666666666668
0.0
16.666666666666668
16.666666666666668
16.666666666666668
33.333333333333336
50.0
16.666666666666668
50.0
33.333333333333336
0.0
16.666666666666668
16.666666666666668
0.0
16.666666666666668
33.333333333333336
16.666666666666668
50.0
33.333333333333336
50.0
16.666666666666668
0.0
16.666666666666668
16.666666666666668
33.333333333333336
16.666666666666668
31.25
25.0
50.0
50.0
50.0
18.75
12.5
43.75
25.0
12.5
11.11111111111111
33.333333333333336
33.333333333333336
22.22222222222222
11.11111111111111
33.333333333333336
33.333333333333336
44.44444444444444
33.333333333333336
22.22222222222222
16.666666666666668
25.0
50.0
41.666666666666664
41.666666666666664
41.666666666666664
16.666666666666668
50.0
41.666666666666664
58.333333333333336
33.333333333333336
33.333333333333336
44.44444444444444
51.851851851851855
66.66666666666667
14.814814814814815
33.333333333333336
33.333333333333336
25.925925925925927
44.44444444444444
0.0
0.0
0.0
0.0
0.0
0.0
0.0
0.0
0.0
0.0
50.0
0.0
25.0
0.0
0.0
50.0
50.0
0.0
25.0
25.0
0.0
0.0
0.0
0.0
0.0
0.0
0.0
0.0
0.0
0.0
0.0
33.333333333333336
0.0
0.0
0.0
0.0
0.0
33.333333333333336
0.0
0.0
16.666666666666668
16.666666666666668
0.0
16.666666666666668
0.0
0.0
16.666666666666668
0.0
16.666666666666668
0.0
33.333333333333336
33.333333333333336
33.333333333333336
0.0
0.0
0.0
33.333333333333336
33.333333333333336
33.333333333333336
0.0
16.666666666666668
58.333333333333336
16.666666666666668
0.0
8.333333333333334
41.666666666666664
41.666666666666664
50.0
8.333333333333334
50.0
28.571428571428573
14.285714285714286
21.428571428571427
21.428571428571427
21.428571428571427
21.428571428571427
7.142857142857143
57.142857142857146
14.285714285714286
28.571428571428573
33.333333333333336
0.0
33.333333333333336
0.0
0.0
0.0
0.0
33.333333333333336
0.0
0.0
50.0
33.333333333333336
33.333333333333336
0.0
0.0
50.0
33.333333333333336
33.333333333333336
0.0
0.0
25.0
33.333333333333336
33.333333333333336
41.666666666666664
41.666666666666664
16.666666666666668
16.666666666666668
41.666666666666664
0.0
33.333333333333336
