(6461,6467,2914)|2|2|0.0|14|14|0.0|2|2|1|1|4|4|0.0|6|6|0.0|0.06966733932495117|0.10771965980529785|0|0.17738699913024902
(6461,6467,2914)|2|2|0.0|14|14|0.0|2|2|1|1|4|4|0.0|6|6|0.0|0.08372831344604492|0.16742396354675293|0|0.25115227699279785
(6461,6467,2914)|2|2|0.0|14|14|0.0|2|2|1|1|4|4|0.0|6|6|0.0|0.07214117050170898|0.07956361770629883|0|0.1517047882080078
(6461,6467,2914)|2|2|0.0|14|14|0.0|2|2|1|1|4|4|0.0|6|6|0.0|0.1575455665588379|0.0613856315612793|0|0.2189311981201172
(6461,6467,2914)|2|2|0.0|14|14|0.0|2|2|1|1|4|4|0.0|6|6|0.0|0.05703091621398926|0.053997039794921875|0|0.11102795600891113
(6461,6467,2914)|2|2|0.0|14|14|0.0|2|2|1|1|4|4|0.0|6|6|0.0|0.06484818458557129|0.1358036994934082|0|0.2006518840789795
(6461,6467,2914)|2|2|0.0|14|14|0.0|2|2|1|1|4|4|0.0|6|6|0.0|0.16945099830627441|0.19343924522399902|0|0.36289024353027344
(6461,6467,2914)|2|2|0.0|14|14|0.0|2|2|1|1|4|4|0.0|6|6|0.0|0.08412575721740723|0.1556859016418457|0|0.23981165885925293
(6461,6467,2914)|2|2|0.0|14|14|0.0|2|2|1|1|4|4|0.0|6|6|0.0|0.10852789878845215|0.09834718704223633|0|0.20687508583068848
(6461,6467,2914)|2|2|0.0|14|14|0.0|2|2|1|1|4|4|0.0|6|6|0.0|0.0825037956237793|0.0879526138305664|0|0.1704564094543457
(6461,6467,1)|5|4|20.0|42|34|19.047619047619047|2|2|2|2|7|7|0.0|12|12|0.0|0.989415168762207|1.2239885330200195|0|2.2134037017822266
(6461,6467,1)|5|4|20.0|42|34|19.047619047619047|2|2|2|2|7|6|14.285714285714286|12|10|16.666666666666668|1.5711333751678467|1.7208328247070312|0|3.291966199874878
(6461,6467,1)|5|5|0.0|42|42|0.0|2|2|2|2|7|7|0.0|12|12|0.0|1.2668137550354004|1.6508853435516357|0|2.917699098587036
(6461,6467,1)|5|4|20.0|42|34|19.047619047619047|2|2|2|2|7|6|14.285714285714286|12|10|16.666666666666668|1.5581121444702148|1.5328514575958252|0|3.09096360206604
(6461,6467,1)|5|5|0.0|42|42|0.0|2|2|2|2|7|7|0.0|12|12|0.0|1.2708158493041992|1.6877293586730957|0|2.958545207977295
(6461,6467,1)|5|4|20.0|42|34|19.047619047619047|2|2|2|2|7|6|14.285714285714286|12|10|16.666666666666668|1.2600758075714111|1.1639246940612793|0|2.4240005016326904
(6461,6467,1)|5|4|20.0|42|34|19.047619047619047|2|2|2|2|7|7|0.0|12|11|8.333333333333334|1.5701422691345215|1.6068499088287354|0|3.176992177963257
(6461,6467,1)|5|4|20.0|42|34|19.047619047619047|2|2|2|2|7|6|14.285714285714286|12|10|16.666666666666668|1.5718936920166016|1.5403001308441162|0|3.1121938228607178
(6461,6467,1)|5|4|20.0|42|34|19.047619047619047|2|2|2|2|7|7|0.0|12|12|0.0|0.885932207107544|1.2667405605316162|0|2.15267276763916
(6461,6467,1)|5|4|20.0|42|34|19.047619047619047|2|2|2|2|7|6|14.285714285714286|12|10|16.666666666666668|0.5679972171783447|0.8652613162994385|0|1.4332585334777832
(6461,6467,1239)|6|6|0.0|46|46|0.0|2|2|2|2|5|5|0.0|10|10|0.0|0.21236276626586914|1.03963303565979|0|1.2519958019256592
(6461,6467,1239)|6|6|0.0|46|46|0.0|2|2|2|2|5|5|0.0|10|10|0.0|0.2527740001678467|0.9840288162231445|0|1.2368028163909912
(6461,6467,1239)|6|6|0.0|46|46|0.0|2|2|2|2|5|5|0.0|10|10|0.0|0.24132132530212402|1.028421401977539|0|1.269742727279663
(6461,6467,1239)|6|5|16.666666666666668|46|38|17.391304347826086|2|2|2|2|5|5|0.0|10|10|0.0|0.27358126640319824|0.8435103893280029|0|1.1170916557312012
(6461,6467,1239)|6|3|50.0|46|22|52.17391304347826|2|2|2|1|5|4|20.0|10|7|30.0|0.23535823822021484|0.46226048469543457|0|0.6976187229156494
(6461,6467,1239)|6|4|33.333333333333336|46|30|34.78260869565217|2|2|2|2|5|5|0.0|10|9|10.0|0.2802443504333496|0.6707050800323486|0|0.9509494304656982
(6461,6467,1239)|6|3|50.0|46|22|52.17391304347826|2|1|2|2|5|4|20.0|10|7|30.0|0.23002147674560547|0.544609785079956|0|0.7746312618255615
(6461,6467,1239)|6|2|66.66666666666667|46|14|69.56521739130434|2|1|2|2|5|3|40.0|10|5|50.0|0.17467403411865234|0.26341986656188965|0|0.438093900680542
(6461,6467,1239)|6|3|50.0|46|22|52.17391304347826|2|1|2|2|5|4|20.0|10|7|30.0|0.17385625839233398|0.5224523544311523|0|0.6963086128234863
(6461,6467,1239)|6|2|66.66666666666667|46|14|69.56521739130434|2|1|2|2|5|3|40.0|10|5|50.0|0.17699289321899414|0.2273411750793457|0|0.40433406829833984
(6461,6467,701)|13|11|15.384615384615385|116|96|17.24137931034483|2|2|3|3|9|8|11.11111111111111|17|15|11.764705882352942|13.99889063835144|23.019219636917114|0|37.018110275268555
(6461,6467,701)|13|13|0.0|116|116|0.0|2|2|3|3|9|9|0.0|17|17|0.0|21.878637075424194|29.163109064102173|0|51.04174613952637
(6461,6467,701)|13|8|38.46153846153846|116|66|43.10344827586207|2|2|3|2|9|5|44.44444444444444|17|10|41.1764705882353|10.594264030456543|21.89870023727417|0|32.49296426773071
(6461,6467,701)|13|8|38.46153846153846|116|70|39.6551724137931|2|1|3|3|9|8|11.11111111111111|17|15|11.764705882352942|11.58143162727356|16.367828845977783|0|27.949260473251343
(6461,6467,701)|13|11|15.384615384615385|116|98|15.517241379310345|2|2|3|3|9|8|11.11111111111111|17|15|11.764705882352942|15.092483282089233|19.501180410385132|0|34.593663692474365
(6461,6467,701)|13|5|61.53846153846154|116|42|63.793103448275865|2|1|3|3|9|6|33.333333333333336|17|11|35.294117647058826|8.346845149993896|13.238669633865356|0|21.585514783859253
(6461,6467,701)|13|9|30.76923076923077|116|78|32.758620689655174|2|2|3|3|9|7|22.22222222222222|17|13|23.529411764705884|14.588232517242432|19.87409472465515|0|34.46232724189758
(6461,6467,701)|13|11|15.384615384615385|116|96|17.24137931034483|2|2|3|3|9|8|11.11111111111111|17|15|11.764705882352942|16.337127923965454|26.65653133392334|0|42.993659257888794
(6461,6467,701)|13|9|30.76923076923077|116|80|31.03448275862069|2|2|3|3|9|8|11.11111111111111|17|15|11.764705882352942|18.713117122650146|23.966518878936768|0|42.679636001586914
(6461,6467,701)|13|8|38.46153846153846|116|70|39.6551724137931|2|2|3|3|9|7|22.22222222222222|17|13|23.529411764705884|13.826318502426147|19.76105785369873|0|33.58737635612488
(701,6467,2914)|16|7|56.25|134|58|56.71641791044776|4|2|2|1|10|8|20.0|22|15|31.818181818181817|10.919860363006592|13.105919361114502|0|24.025779724121094
(701,6467,2914)|16|11|31.25|134|94|29.850746268656717|4|2|2|2|10|8|20.0|22|16|27.272727272727273|15.78070068359375|17.263065338134766|0|33.043766021728516
(701,6467,2914)|16|10|37.5|134|82|38.80597014925373|4|3|2|2|10|9|10.0|22|17|22.727272727272727|8.842022895812988|15.85151195526123|0|24.69353485107422
(701,6467,2914)|16|7|56.25|134|56|58.208955223880594|4|3|2|1|10|7|30.0|22|14|36.36363636363637|6.770176410675049|13.499999046325684|0|20.270175457000732
(701,6467,2914)|16|7|56.25|134|58|56.71641791044776|4|2|2|1|10|7|30.0|22|14|36.36363636363637|10.866312265396118|12.176910400390625|0|23.043222665786743
(701,6467,2914)|16|9|43.75|134|72|46.26865671641791|4|3|2|1|10|8|20.0|22|17|22.727272727272727|6.567967176437378|16.93716263771057|0|23.50512981414795
(701,6467,2914)|16|12|25.0|134|102|23.880597014925375|4|3|2|2|10|10|0.0|22|20|9.090909090909092|13.505169153213501|16.604750394821167|0|30.109919548034668
(701,6467,2914)|16|8|50.0|134|66|50.74626865671642|4|3|2|1|10|8|20.0|22|16|27.272727272727273|10.357664585113525|14.066621780395508|0|24.424286365509033
(701,6467,2914)|16|7|56.25|134|58|56.71641791044776|4|2|2|1|10|8|20.0|22|15|31.818181818181817|10.919377088546753|13.633124351501465|0|24.552501440048218
(701,6467,2914)|16|13|18.75|134|110|17.91044776119403|4|3|2|2|10|10|0.0|22|21|4.545454545454546|18.56714105606079|22.227352142333984|0|40.794493198394775
(701,6467,1)|15|9|40.0|142|84|40.84507042253521|4|3|2|2|11|10|9.090909090909092|23|19|17.391304347826086|17.840238332748413|25.538827419281006|0|43.37906575202942
(701,6467,1)|15|12|20.0|142|112|21.12676056338028|4|3|2|2|11|9|18.181818181818183|23|19|17.391304347826086|28.49208354949951|44.98351812362671|0|73.47560167312622
(701,6467,1)|15|10|33.333333333333336|142|94|33.80281690140845|4|3|2|2|11|9|18.181818181818183|23|18|21.73913043478261|28.63414239883423|40.53827667236328|0|69.17241907119751
(701,6467,1)|15|11|26.666666666666668|142|104|26.760563380281692|4|3|2|2|11|11|0.0|23|21|8.695652173913043|32.23932981491089|40.224035024642944|0|72.46336483955383
(701,6467,1)|15|7|53.333333333333336|142|66|53.521126760563384|4|3|2|2|11|8|27.272727272727273|23|15|34.78260869565217|22.684176921844482|28.441197156906128|0|51.12537407875061
(701,6467,1)|15|12|20.0|142|114|19.718309859154928|4|3|2|2|11|11|0.0|23|23|0.0|30.569350957870483|36.64927077293396|0|67.21862173080444
(701,6467,1)|15|11|26.666666666666668|142|104|26.760563380281692|4|3|2|2|11|9|18.181818181818183|23|19|17.391304347826086|25.984957695007324|37.48947834968567|0|63.47443604469299
(701,6467,1)|15|11|26.666666666666668|142|104|26.760563380281692|4|3|2|2|11|11|0.0|23|21|8.695652173913043|37.22034573554993|44.67087745666504|0|81.89122319221497
(701,6467,1)|15|12|20.0|142|112|21.12676056338028|4|3|2|2|11|9|18.181818181818183|23|19|17.391304347826086|30.60909605026245|48.34385848045349|0|78.95295453071594
(701,6467,1)|15|14|6.666666666666667|142|134|5.633802816901408|4|3|2|2|11|11|0.0|23|23|0.0|33.178927421569824|41.45521283149719|0|74.63414025306702
(701,6467,6461)|5|4|20.0|44|36|18.181818181818183|4|3|1|1|8|7|12.5|13|11|15.384615384615385|2.888949155807495|2.6198384761810303|0|5.508787631988525
(701,6467,6461)|5|3|40.0|44|26|40.90909090909091|4|3|1|1|8|6|25.0|13|9|30.76923076923077|1.5257515907287598|2.337902545928955|0|3.863654136657715
(701,6467,6461)|5|4|20.0|44|36|18.181818181818183|4|3|1|1|8|7|12.5|13|11|15.384615384615385|2.932009220123291|2.7313544750213623|0|5.663363695144653
(701,6467,6461)|5|5|0.0|44|44|0.0|4|4|1|1|8|8|0.0|13|13|0.0|2.8663909435272217|3.4877171516418457|0|6.354108095169067
(701,6467,6461)|5|3|40.0|44|28|36.36363636363637|4|2|1|1|8|6|25.0|13|9|30.76923076923077|2.834040403366089|2.0137832164764404|0|4.847823619842529
(701,6467,6461)|5|2|60.0|44|18|59.09090909090909|4|2|1|1|8|5|37.5|13|7|46.15384615384615|1.7631988525390625|1.3683280944824219|0|3.1315269470214844
(701,6467,6461)|5|3|40.0|44|26|40.90909090909091|4|3|1|1|8|6|25.0|13|9|30.76923076923077|1.6177101135253906|2.1836767196655273|0|3.801386833190918
(701,6467,6461)|5|4|20.0|44|36|18.181818181818183|4|3|1|1|8|7|12.5|13|11|15.384615384615385|2.9269282817840576|2.5803747177124023|0|5.50730299949646
(701,6467,6461)|5|3|40.0|44|26|40.90909090909091|4|3|1|1|8|6|25.0|13|9|30.76923076923077|1.6302070617675781|2.245182514190674|0|3.875389575958252
(701,6467,6461)|5|3|40.0|44|26|40.90909090909091|4|3|1|1|8|6|25.0|13|9|30.76923076923077|1.6471257209777832|2.03232741355896|0|3.679453134536743
(1785,6467,2914)|2|2|0.0|14|14|0.0|1|1|2|2|4|4|0.0|6|6|0.0|0.06088542938232422|0.04316544532775879|0|0.10405087471008301
(1785,6467,2914)|2|2|0.0|14|14|0.0|1|1|2|2|4|4|0.0|6|6|0.0|0.06029319763183594|0.05730700492858887|0|0.1176002025604248
(1785,6467,2914)|2|2|0.0|14|14|0.0|1|1|2|2|4|4|0.0|6|6|0.0|0.06090831756591797|0.0410616397857666|0|0.10196995735168457
(1785,6467,2914)|2|2|0.0|14|14|0.0|1|1|2|2|4|4|0.0|6|6|0.0|0.07381081581115723|0.05430173873901367|0|0.1281125545501709
(1785,6467,2914)|2|2|0.0|14|14|0.0|1|1|2|2|4|4|0.0|6|6|0.0|0.06340479850769043|0.053131103515625|0|0.11653590202331543
(1785,6467,2914)|2|2|0.0|14|14|0.0|1|1|2|2|4|4|0.0|6|6|0.0|0.06325006484985352|0.09013199806213379|0|0.1533820629119873
(1785,6467,2914)|2|2|0.0|14|14|0.0|1|1|2|2|4|4|0.0|6|6|0.0|0.07408261299133301|0.0866401195526123|0|0.1607227325439453
(1785,6467,2914)|2|2|0.0|14|14|0.0|1|1|2|2|4|4|0.0|6|6|0.0|0.05729484558105469|0.11634039878845215|0|0.17363524436950684
(1785,6467,2914)|2|2|0.0|14|14|0.0|1|1|2|2|4|4|0.0|6|6|0.0|0.12098932266235352|0.046193838119506836|0|0.16718316078186035
(1785,6467,2914)|2|2|0.0|14|14|0.0|1|1|2|2|4|4|0.0|6|6|0.0|0.06008577346801758|0.0545656681060791|0|0.11465144157409668
(1785,6467,1)|4|3|25.0|32|24|25.0|1|1|3|2|7|6|14.285714285714286|11|9|18.181818181818183|0.21878290176391602|0.21082425117492676|0|0.4296071529388428
(1785,6467,1)|4|4|0.0|32|32|0.0|1|1|3|3|7|7|0.0|11|11|0.0|0.14921951293945312|0.389690637588501|0|0.5389101505279541
(1785,6467,1)|4|3|25.0|32|24|25.0|1|1|3|3|7|6|14.285714285714286|11|9|18.181818181818183|0.20889925956726074|0.2840135097503662|0|0.49291276931762695
(1785,6467,1)|4|2|50.0|32|16|50.0|1|1|3|2|7|4|42.857142857142854|11|6|45.45454545454545|0.13867568969726562|0.1518418788909912|0|0.29051756858825684
(1785,6467,1)|4|3|25.0|32|24|25.0|1|1|3|3|7|6|14.285714285714286|11|9|18.181818181818183|0.1488480567932129|0.2541325092315674|0|0.4029805660247803
(1785,6467,1)|4|4|0.0|32|32|0.0|1|1|3|3|7|7|0.0|11|11|0.0|0.20139622688293457|0.3776533603668213|0|0.5790495872497559
(1785,6467,1)|4|3|25.0|32|24|25.0|1|1|3|2|7|5|28.571428571428573|11|8|27.272727272727273|0.15406489372253418|0.34505224227905273|0|0.4991171360015869
(1785,6467,1)|4|2|50.0|32|16|50.0|1|1|3|2|7|5|28.571428571428573|11|7|36.36363636363637|0.1544966697692871|0.2344987392425537|0|0.3889954090118408
(1785,6467,1)|4|3|25.0|32|24|25.0|1|1|3|2|7|6|14.285714285714286|11|9|18.181818181818183|0.12653088569641113|0.35909461975097656|0|0.4856255054473877
(1785,6467,1)|4|3|25.0|32|24|25.0|1|1|3|3|7|6|14.285714285714286|11|9|18.181818181818183|0.13526320457458496|0.2986299991607666|0|0.43389320373535156
(1785,6467,6461)|1|1|0.0|8|8|0.0|1|1|1|1|3|3|0.0|4|4|0.0|0.01037740707397461|2.4080276489257812e-05|0|0.010401487350463867
(1785,6467,6461)|1|1|0.0|8|8|0.0|1|1|1|1|3|3|0.0|4|4|0.0|0.009803533554077148|0.0007765293121337891|0|0.010580062866210938
(1785,6467,6461)|1|1|0.0|8|8|0.0|1|1|1|1|3|3|0.0|4|4|0.0|0.009591341018676758|0.0008840560913085938|0|0.010475397109985352
(1785,6467,6461)|1|1|0.0|8|8|0.0|1|1|1|1|3|3|0.0|4|4|0.0|0.009580135345458984|0.00080108642578125|0|0.010381221771240234
(1785,6467,6461)|1|1|0.0|8|8|0.0|1|1|1|1|3|3|0.0|4|4|0.0|0.009618043899536133|0.0007500648498535156|0|0.010368108749389648
(1785,6467,6461)|1|1|0.0|8|8|0.0|1|1|1|1|3|3|0.0|4|4|0.0|0.009648323059082031|0.0007615089416503906|0|0.010409832000732422
(1785,6467,6461)|1|1|0.0|8|8|0.0|1|1|1|1|3|3|0.0|4|4|0.0|0.00966501235961914|0.0007278919219970703|0|0.010392904281616211
(1785,6467,6461)|1|1|0.0|8|8|0.0|1|1|1|1|3|3|0.0|4|4|0.0|0.009593486785888672|0.0007352828979492188|0|0.01032876968383789
(1785,6467,6461)|1|1|0.0|8|8|0.0|1|1|1|1|3|3|0.0|4|4|0.0|0.00958395004272461|0.0007281303405761719|0|0.010312080383300781
(1785,6467,6461)|1|1|0.0|8|8|0.0|1|1|1|1|3|3|0.0|4|4|0.0|0.00969839096069336|0.0007483959197998047|0|0.010446786880493164
(1785,6467,1239)|3|3|0.0|22|22|0.0|1|1|2|2|4|4|0.0|7|7|0.0|0.17409396171569824|0.2212519645690918|0|0.39534592628479004
(1785,6467,1239)|3|3|0.0|22|22|0.0|1|1|2|2|4|4|0.0|7|7|0.0|0.10267853736877441|0.22902607917785645|0|0.33170461654663086
(1785,6467,1239)|3|3|0.0|22|22|0.0|1|1|2|2|4|4|0.0|7|7|0.0|0.11250543594360352|0.3173990249633789|0|0.4299044609069824
(1785,6467,1239)|3|2|33.333333333333336|22|14|36.36363636363637|1|1|2|2|4|3|25.0|7|5|28.571428571428573|0.16652727127075195|0.10138201713562012|0|0.26790928840637207
(1785,6467,1239)|3|2|33.333333333333336|22|14|36.36363636363637|1|1|2|2|4|3|25.0|7|5|28.571428571428573|0.11742568016052246|0.21641945838928223|0|0.3338451385498047
(1785,6467,1239)|3|3|0.0|22|22|0.0|1|1|2|2|4|4|0.0|7|7|0.0|0.09861946105957031|0.15652728080749512|0|0.25514674186706543
(1785,6467,1239)|3|3|0.0|22|22|0.0|1|1|2|2|4|4|0.0|7|7|0.0|0.09492325782775879|0.19101166725158691|0|0.2859349250793457
(1785,6467,1239)|3|2|33.333333333333336|22|14|36.36363636363637|1|1|2|2|4|3|25.0|7|5|28.571428571428573|0.10880279541015625|0.1576838493347168|0|0.26648664474487305
(1785,6467,1239)|3|2|33.333333333333336|22|14|36.36363636363637|1|1|2|2|4|3|25.0|7|5|28.571428571428573|0.09627366065979004|0.13406634330749512|0|0.23034000396728516
(1785,6467,1239)|3|3|0.0|22|22|0.0|1|1|2|2|4|4|0.0|7|7|0.0|0.11997437477111816|0.17574334144592285|0|0.295717716217041
(1785,6467,701)|6|4|33.333333333333336|52|34|34.61538461538461|1|1|3|3|8|7|12.5|14|11|21.428571428571427|2.607463836669922|3.0814642906188965|0|5.688928127288818
(1785,6467,701)|6|4|33.333333333333336|52|32|38.46153846153846|1|1|3|3|8|6|25.0|14|10|28.571428571428573|1.6799969673156738|3.4802634716033936|0|5.160260438919067
(1785,6467,701)|6|5|16.666666666666668|52|44|15.384615384615385|1|1|3|3|8|8|0.0|14|13|7.142857142857143|2.3335301876068115|2.8477277755737305|0|5.181257963180542
(1785,6467,701)|6|5|16.666666666666668|52|44|15.384615384615385|1|1|3|3|8|8|0.0|14|13|7.142857142857143|4.136438608169556|3.9504482746124268|0|8.086886882781982
(1785,6467,701)|6|5|16.666666666666668|52|42|19.23076923076923|1|1|3|3|8|7|12.5|14|12|14.285714285714286|3.20312237739563|5.507304906845093|0|8.710427284240723
(1785,6467,701)|6|6|0.0|52|52|0.0|1|1|3|3|8|8|0.0|14|14|0.0|3.2846992015838623|4.231128931045532|0|7.5158281326293945
(1785,6467,701)|6|5|16.666666666666668|52|44|15.384615384615385|1|1|3|3|8|8|0.0|14|13|7.142857142857143|5.005681753158569|4.912435293197632|0|9.918117046356201
(1785,6467,701)|6|5|16.666666666666668|52|44|15.384615384615385|1|1|3|3|8|8|0.0|14|13|7.142857142857143|5.031355857849121|5.221258640289307|0|10.252614498138428
(1785,6467,701)|6|5|16.666666666666668|52|42|19.23076923076923|1|1|3|3|8|7|12.5|14|12|14.285714285714286|3.3755502700805664|5.401262998580933|0|8.776813268661499
(1785,6467,701)|6|4|33.333333333333336|52|34|34.61538461538461|1|1|3|3|8|7|12.5|14|11|21.428571428571427|3.313608169555664|4.202239990234375|0|7.515848159790039
(1,6467,2914)|6|3|50.0|44|22|50.0|4|2|1|1|8|5|37.5|14|8|42.857142857142854|0.22788166999816895|0.4442934989929199|0|0.6721751689910889
(1,6467,2914)|6|5|16.666666666666668|44|36|18.181818181818183|4|4|1|1|8|7|12.5|14|12|14.285714285714286|0.2561018466949463|0.8193726539611816|0|1.075474500656128
(1,6467,2914)|6|3|50.0|44|22|50.0|4|3|1|1|8|5|37.5|14|8|42.857142857142854|0.20452475547790527|0.41000843048095703|0|0.6145331859588623
(1,6467,2914)|6|4|33.333333333333336|44|28|36.36363636363637|4|3|1|1|8|6|25.0|14|10|28.571428571428573|0.27243876457214355|0.6230223178863525|0|0.8954610824584961
(1,6467,2914)|6|6|0.0|44|44|0.0|4|4|1|1|8|8|0.0|14|14|0.0|0.2659461498260498|1.0513973236083984|0|1.3173434734344482
(1,6467,2914)|6|5|16.666666666666668|44|36|18.181818181818183|4|4|1|1|8|7|12.5|14|12|14.285714285714286|0.20826935768127441|0.892033576965332|0|1.1003029346466064
(1,6467,2914)|6|5|16.666666666666668|44|36|18.181818181818183|4|4|1|1|8|7|12.5|14|12|14.285714285714286|0.22753572463989258|0.8772726058959961|0|1.1048083305358887
(1,6467,2914)|6|6|0.0|44|44|0.0|4|4|1|1|8|8|0.0|14|14|0.0|0.20906758308410645|0.8454749584197998|0|1.0545425415039062
(1,6467,2914)|6|5|16.666666666666668|44|36|18.181818181818183|4|4|1|1|8|7|12.5|14|12|14.285714285714286|0.27650976181030273|0.8749027252197266|0|1.1514124870300293
(1,6467,2914)|6|4|33.333333333333336|44|28|36.36363636363637|4|3|1|1|8|6|25.0|14|10|28.571428571428573|0.22362256050109863|0.8678812980651855|0|1.0915038585662842
(1,6467,1239)|6|5|16.666666666666668|50|40|20.0|4|4|1|1|8|8|0.0|14|13|7.142857142857143|3.3349733352661133|5.705182075500488|0|9.040155410766602
(1,6467,1239)|6|3|50.0|50|24|52.0|4|3|1|1|8|6|25.0|14|9|35.714285714285715|2.0144948959350586|3.284381628036499|0|5.298876523971558
(1,6467,1239)|6|4|33.333333333333336|50|30|40.0|4|4|1|1|8|7|12.5|14|11|21.428571428571427|2.210876703262329|4.516624450683594|0|6.727501153945923
(1,6467,1239)|6|3|50.0|50|24|52.0|4|3|1|1|8|6|25.0|14|9|35.714285714285715|1.9143726825714111|3.2089664936065674|0|5.1233391761779785
(1,6467,1239)|6|5|16.666666666666668|50|44|12.0|4|3|1|1|8|7|12.5|14|12|14.285714285714286|5.138664960861206|5.042858123779297|0|10.181523084640503
(1,6467,1239)|6|6|0.0|50|50|0.0|4|4|1|1|8|8|0.0|14|14|0.0|4.882408618927002|6.220009803771973|0|11.102418422698975
(1,6467,1239)|6|5|16.666666666666668|50|40|20.0|4|4|1|1|8|7|12.5|14|12|14.285714285714286|3.812983989715576|5.294273853302002|0|9.107257843017578
(1,6467,1239)|6|5|16.666666666666668|50|40|20.0|4|4|1|1|8|7|12.5|14|12|14.285714285714286|3.5438005924224854|5.27510929107666|0|8.818909883499146
(1,6467,1239)|6|4|33.333333333333336|50|34|32.0|4|3|1|1|8|6|25.0|14|10|28.571428571428573|3.7231063842773438|4.3154895305633545|0|8.038595914840698
(1,6467,1239)|6|5|16.666666666666668|50|40|20.0|4|4|1|1|8|7|12.5|14|12|14.285714285714286|3.9483954906463623|5.290677547454834|0|9.239073038101196
(1,6467,701)|16|11|31.25|146|96|34.24657534246575|4|3|2|1|11|9|18.181818181818183|23|19|17.391304347826086|28.45520281791687|45.51990008354187|0|73.97510290145874
(1,6467,701)|16|12|25.0|146|106|27.397260273972602|4|4|2|1|11|11|0.0|23|22|4.3478260869565215|34.64559555053711|49.756330251693726|0|84.40192580223083
(1,6467,701)|16|8|50.0|146|72|50.68493150684932|4|3|2|1|11|9|18.181818181818183|23|17|26.08695652173913|22.70067811012268|32.56864905357361|0|55.26932716369629
(1,6467,701)|16|8|50.0|146|68|53.42465753424658|4|3|2|1|11|9|18.181818181818183|23|17|26.08695652173913|18.31936001777649|28.907801628112793|0|47.22716164588928
(1,6467,701)|16|8|50.0|146|72|50.68493150684932|4|4|2|1|11|10|9.090909090909092|23|18|21.73913043478261|20.358931064605713|25.2148756980896|0|45.57380676269531
(1,6467,701)|16|13|18.75|146|116|20.54794520547945|4|4|2|1|11|11|0.0|23|23|0.0|30.041393756866455|39.842474699020386|0|69.88386845588684
(1,6467,701)|16|14|12.5|146|126|13.698630136986301|4|4|2|1|11|11|0.0|23|23|0.0|37.66645884513855|50.660425424575806|0|88.32688426971436
(1,6467,701)|16|9|43.75|146|78|46.57534246575342|4|4|2|1|11|10|9.090909090909092|23|19|17.391304347826086|21.450824737548828|29.64804172515869|0|51.09886646270752
(1,6467,701)|16|12|25.0|146|110|24.65753424657534|4|4|2|1|11|11|0.0|23|22|4.3478260869565215|33.44050192832947|43.5008647441864|0|76.94136667251587
(1,6467,701)|16|14|12.5|146|126|13.698630136986301|4|4|2|1|11|11|0.0|23|23|0.0|40.897300243377686|51.74562478065491|0|92.64292502403259
(2914,6467,1)|9|8|11.11111111111111|72|64|11.11111111111111|3|3|2|2|9|8|11.11111111111111|17|15|11.764705882352942|2.833019733428955|4.36142373085022|0|7.194443464279175
(2914,6467,1)|9|6|33.333333333333336|72|48|33.333333333333336|3|3|2|2|9|8|11.11111111111111|17|15|11.764705882352942|2.4568846225738525|3.0826706886291504|0|5.539555311203003
(2914,6467,1)|9|6|33.333333333333336|72|48|33.333333333333336|3|3|2|2|9|7|22.22222222222222|17|13|23.529411764705884|2.4651896953582764|3.398250102996826|0|5.8634397983551025
(2914,6467,1)|9|7|22.22222222222222|72|56|22.22222222222222|3|3|2|2|9|8|11.11111111111111|17|15|11.764705882352942|2.9001896381378174|3.7464382648468018|0|6.646627902984619
(2914,6467,1)|9|8|11.11111111111111|72|64|11.11111111111111|3|3|2|2|9|9|0.0|17|17|0.0|2.8284435272216797|4.442533016204834|0|7.270976543426514
(2914,6467,1)|9|6|33.333333333333336|72|48|33.333333333333336|3|3|2|2|9|7|22.22222222222222|17|12|29.41176470588235|2.837834358215332|3.1660265922546387|0|6.003860950469971
(2914,6467,1)|9|6|33.333333333333336|72|48|33.333333333333336|3|3|2|2|9|7|22.22222222222222|17|13|23.529411764705884|2.7909138202667236|3.2297632694244385|0|6.020677089691162
(2914,6467,1)|9|5|44.44444444444444|72|40|44.44444444444444|3|3|2|2|9|6|33.333333333333336|17|11|35.294117647058826|3.207338333129883|2.9895005226135254|0|6.196838855743408
(2914,6467,1)|9|6|33.333333333333336|72|48|33.333333333333336|3|3|2|2|9|8|11.11111111111111|17|15|11.764705882352942|2.427574634552002|3.5990889072418213|0|6.026663541793823
(2914,6467,1)|9|7|22.22222222222222|72|56|22.22222222222222|3|3|2|2|9|7|22.22222222222222|17|13|23.529411764705884|2.284708261489868|3.5464370250701904|0|5.831145286560059
(2914,6467,1239)|12|10|16.666666666666668|94|78|17.02127659574468|3|3|2|2|8|7|12.5|18|16|11.11111111111111|0.51267409324646|3.628871440887451|0|4.141545534133911
(2914,6467,1239)|12|9|25.0|94|70|25.53191489361702|3|3|2|2|8|8|0.0|18|17|5.555555555555555|0.8279714584350586|2.9472358226776123|0|3.775207281112671
(2914,6467,1239)|12|6|50.0|94|46|51.06382978723404|3|2|2|2|8|6|25.0|18|13|27.77777777777778|0.6034054756164551|2.0513675212860107|0|2.654772996902466
(2914,6467,1239)|12|7|41.666666666666664|94|54|42.5531914893617|3|3|2|2|8|7|12.5|18|14|22.22222222222222|0.551377534866333|2.436734676361084|0|2.988112211227417
(2914,6467,1239)|12|7|41.666666666666664|94|54|42.5531914893617|3|3|2|2|8|7|12.5|18|13|27.77777777777778|0.5752613544464111|2.515559196472168|0|3.090820550918579
(2914,6467,1239)|12|7|41.666666666666664|94|54|42.5531914893617|3|3|2|2|8|7|12.5|18|14|22.22222222222222|0.5798804759979248|2.678422689437866|0|3.258303165435791
(2914,6467,1239)|12|10|16.666666666666668|94|78|17.02127659574468|3|3|2|2|8|7|12.5|18|15|16.666666666666668|0.5670626163482666|3.6285648345947266|0|4.195627450942993
(2914,6467,1239)|12|6|50.0|94|46|51.06382978723404|3|2|2|2|8|6|25.0|18|12|33.333333333333336|0.48461079597473145|2.008173704147339|0|2.4927845001220703
(2914,6467,1239)|12|7|41.666666666666664|94|54|42.5531914893617|3|3|2|2|8|7|12.5|18|14|22.22222222222222|0.5666742324829102|2.6040303707122803|0|3.1707046031951904
(2914,6467,1239)|12|5|58.333333333333336|94|38|59.57446808510638|3|3|2|2|8|6|25.0|18|11|38.888888888888886|0.6764757633209229|1.7855637073516846|0|2.4620394706726074
(2914,6467,701)|27|18|33.333333333333336|242|158|34.710743801652896|3|3|3|2|10|8|20.0|23|18|21.73913043478261|52.6990430355072|80.1305320262909|0|132.8295750617981
(2914,6467,701)|27|18|33.333333333333336|242|162|33.05785123966942|3|3|3|2|10|9|10.0|23|19|17.391304347826086|73.61218547821045|90.13227605819702|0|163.74446153640747
(2914,6467,701)|27|15|44.44444444444444|242|136|43.80165289256198|3|3|3|2|10|9|10.0|23|20|13.043478260869565|52.555083990097046|63.20825433731079|0|115.76333832740784
(2914,6467,701)|27|13|51.851851851851855|242|116|52.06611570247934|3|3|3|2|10|9|10.0|23|19|17.391304347826086|46.21268820762634|60.61444854736328|0|106.82713675498962
(2914,6467,701)|27|9|66.66666666666667|242|78|67.76859504132231|3|2|3|2|10|8|20.0|23|16|30.434782608695652|34.871036529541016|50.487640619277954|0|85.35867714881897
(2914,6467,701)|27|23|14.814814814814815|242|208|14.049586776859504|3|3|3|2|10|10|0.0|23|23|0.0|79.40906858444214|102.84562277793884|0|182.25469136238098
(2914,6467,701)|27|18|33.333333333333336|242|162|33.05785123966942|3|3|3|2|10|9|10.0|23|20|13.043478260869565|51.82551717758179|77.83725452423096|0|129.66277170181274
(2914,6467,701)|27|18|33.333333333333336|242|160|33.88429752066116|3|3|3|2|10|10|0.0|23|21|8.695652173913043|62.925135374069214|82.50538635253906|0|145.43052172660828
(2914,6467,701)|27|20|25.925925925925927|242|180|25.619834710743802|3|3|3|2|10|10|0.0|23|22|4.3478260869565215|73.54258465766907|95.38481187820435|0|168.9273965358734
(2914,6467,701)|27|15|44.44444444444444|242|132|45.45454545454545|3|3|3|2|10|8|20.0|23|19|17.391304347826086|42.090816497802734|59.63988780975342|0|101.73070430755615
(7018,6467,2914)|2|2|0.0|14|14|0.0|1|1|2|2|4|4|0.0|6|6|0.0|0.05973625183105469|0.03908514976501465|0|0.09882140159606934
(7018,6467,2914)|2|2|0.0|14|14|0.0|1|1|2|2|4|4|0.0|6|6|0.0|0.12073206901550293|0.1228950023651123|0|0.24362707138061523
(7018,6467,2914)|2|2|0.0|14|14|0.0|1|1|2|2|4|4|0.0|6|6|0.0|0.07955121994018555|0.13183259963989258|0|0.21138381958007812
(7018,6467,2914)|2|2|0.0|14|14|0.0|1|1|2|2|4|4|0.0|6|6|0.0|0.1509079933166504|0.07382392883300781|0|0.2247319221496582
(7018,6467,2914)|2|2|0.0|14|14|0.0|1|1|2|2|4|4|0.0|6|6|0.0|0.0565793514251709|0.13752126693725586|0|0.19410061836242676
(7018,6467,2914)|2|2|0.0|14|14|0.0|1|1|2|2|4|4|0.0|6|6|0.0|0.15915656089782715|0.03696894645690918|0|0.19612550735473633
(7018,6467,2914)|2|2|0.0|14|14|0.0|1|1|2|2|4|4|0.0|6|6|0.0|0.08642005920410156|0.05912160873413086|0|0.14554166793823242
(7018,6467,2914)|2|2|0.0|14|14|0.0|1|1|2|2|4|4|0.0|6|6|0.0|0.09879064559936523|0.04532885551452637|0|0.1441195011138916
(7018,6467,2914)|2|2|0.0|14|14|0.0|1|1|2|2|4|4|0.0|6|6|0.0|0.057312965393066406|0.05043745040893555|0|0.10775041580200195
(7018,6467,2914)|2|2|0.0|14|14|0.0|1|1|2|2|4|4|0.0|6|6|0.0|0.06298995018005371|0.06146240234375|0|0.12445235252380371
(7018,6467,1)|4|2|50.0|32|16|50.0|1|1|3|2|7|5|28.571428571428573|11|7|36.36363636363637|0.1785743236541748|0.2910175323486328|0|0.4695918560028076
(7018,6467,1)|4|4|0.0|32|32|0.0|1|1|3|3|7|7|0.0|11|11|0.0|0.1798720359802246|0.5053994655609131|0|0.6852715015411377
(7018,6467,1)|4|3|25.0|32|24|25.0|1|1|3|2|7|6|14.285714285714286|11|9|18.181818181818183|0.1444377899169922|0.43390321731567383|0|0.578341007232666
(7018,6467,1)|4|4|0.0|32|32|0.0|1|1|3|3|7|7|0.0|11|11|0.0|0.24293255805969238|0.4174225330352783|0|0.6603550910949707
(7018,6467,1)|4|4|0.0|32|32|0.0|1|1|3|3|7|7|0.0|11|11|0.0|0.14704632759094238|0.403378963470459|0|0.5504252910614014
(7018,6467,1)|4|2|50.0|32|16|50.0|1|1|3|1|7|4|42.857142857142854|11|6|45.45454545454545|0.1615140438079834|0.26650524139404297|0|0.42801928520202637
(7018,6467,1)|4|2|50.0|32|16|50.0|1|1|3|2|7|5|28.571428571428573|11|7|36.36363636363637|0.13051414489746094|0.18307971954345703|0|0.31359386444091797
(7018,6467,1)|4|4|0.0|32|32|0.0|1|1|3|3|7|7|0.0|11|11|0.0|0.22696471214294434|0.43237972259521484|0|0.6593444347381592
(7018,6467,1)|4|3|25.0|32|24|25.0|1|1|3|2|7|6|14.285714285714286|11|9|18.181818181818183|0.14536285400390625|0.4161386489868164|0|0.5615015029907227
(7018,6467,1)|4|3|25.0|32|24|25.0|1|1|3|3|7|6|14.285714285714286|11|9|18.181818181818183|0.1202397346496582|0.2804524898529053|0|0.4006922245025635
(7018,6467,6461)|1|1|0.0|8|8|0.0|1|1|1|1|3|3|0.0|4|4|0.0|0.009681224822998047|2.288818359375e-05|0|0.009704113006591797
(7018,6467,6461)|1|1|0.0|8|8|0.0|1|1|1|1|3|3|0.0|4|4|0.0|0.009738445281982422|0.0007762908935546875|0|0.01051473617553711
(7018,6467,6461)|1|1|0.0|8|8|0.0|1|1|1|1|3|3|0.0|4|4|0.0|0.00963735580444336|0.0008282661437988281|0|0.010465621948242188
(7018,6467,6461)|1|1|0.0|8|8|0.0|1|1|1|1|3|3|0.0|4|4|0.0|0.00964975357055664|0.0009634494781494141|0|0.010613203048706055
(7018,6467,6461)|1|1|0.0|8|8|0.0|1|1|1|1|3|3|0.0|4|4|0.0|0.00961756706237793|0.0007541179656982422|0|0.010371685028076172
(7018,6467,6461)|1|1|0.0|8|8|0.0|1|1|1|1|3|3|0.0|4|4|0.0|0.009774923324584961|0.0006952285766601562|0|0.010470151901245117
(7018,6467,6461)|1|1|0.0|8|8|0.0|1|1|1|1|3|3|0.0|4|4|0.0|0.00957179069519043|0.0006971359252929688|0|0.010268926620483398
(7018,6467,6461)|1|1|0.0|8|8|0.0|1|1|1|1|3|3|0.0|4|4|0.0|0.009573698043823242|0.0008559226989746094|0|0.010429620742797852
(7018,6467,6461)|1|1|0.0|8|8|0.0|1|1|1|1|3|3|0.0|4|4|0.0|0.00983285903930664|0.0007712841033935547|0|0.010604143142700195
(7018,6467,6461)|1|1|0.0|8|8|0.0|1|1|1|1|3|3|0.0|4|4|0.0|0.010828733444213867|0.0007913112640380859|0|0.011620044708251953
(7018,6467,1239)|3|3|0.0|22|22|0.0|1|1|2|2|4|4|0.0|7|7|0.0|0.09140276908874512|0.21462202072143555|0|0.30602478981018066
(7018,6467,1239)|3|2|33.333333333333336|22|14|36.36363636363637|1|1|2|2|4|3|25.0|7|5|28.571428571428573|0.08608436584472656|0.0942385196685791|0|0.18032288551330566
(7018,6467,1239)|3|3|0.0|22|22|0.0|1|1|2|2|4|4|0.0|7|7|0.0|0.13025593757629395|0.16057443618774414|0|0.2908303737640381
(7018,6467,1239)|3|3|0.0|22|22|0.0|1|1|2|2|4|4|0.0|7|7|0.0|0.10950279235839844|0.21509385108947754|0|0.324596643447876
(7018,6467,1239)|3|3|0.0|22|22|0.0|1|1|2|2|4|4|0.0|7|7|0.0|0.15459322929382324|0.1960306167602539|0|0.35062384605407715
(7018,6467,1239)|3|3|0.0|22|22|0.0|1|1|2|2|4|4|0.0|7|7|0.0|0.1263880729675293|0.21997880935668945|0|0.34636688232421875
(7018,6467,1239)|3|3|0.0|22|22|0.0|1|1|2|2|4|4|0.0|7|7|0.0|0.11829471588134766|0.17173504829406738|0|0.29002976417541504
(7018,6467,1239)|3|2|33.333333333333336|22|14|36.36363636363637|1|1|2|2|4|3|25.0|7|5|28.571428571428573|0.1508934497833252|0.0948190689086914|0|0.2457125186920166
(7018,6467,1239)|3|3|0.0|22|22|0.0|1|1|2|2|4|4|0.0|7|7|0.0|0.13240575790405273|0.12828421592712402|0|0.26068997383117676
(7018,6467,1239)|3|3|0.0|22|22|0.0|1|1|2|2|4|4|0.0|7|7|0.0|0.19791197776794434|0.22408270835876465|0|0.421994686126709
(7018,6467,701)|6|5|16.666666666666668|52|44|15.384615384615385|1|1|3|3|8|8|0.0|14|13|7.142857142857143|2.4501521587371826|2.9089877605438232|0|5.359139919281006
(7018,6467,701)|6|5|16.666666666666668|52|44|15.384615384615385|1|1|3|3|8|8|0.0|14|13|7.142857142857143|5.015051603317261|4.841663599014282|0|9.856715202331543
(7018,6467,701)|6|6|0.0|52|52|0.0|1|1|3|3|8|8|0.0|14|14|0.0|4.843627452850342|6.065263509750366|0|10.908890962600708
(7018,6467,701)|6|5|16.666666666666668|52|42|19.23076923076923|1|1|3|3|8|7|12.5|14|12|14.285714285714286|2.7152905464172363|4.30309271812439|0|7.018383264541626
(7018,6467,701)|6|6|0.0|52|52|0.0|1|1|3|3|8|8|0.0|14|14|0.0|2.480630397796631|3.632596015930176|0|6.113226413726807
(7018,6467,701)|6|6|0.0|52|52|0.0|1|1|3|3|8|8|0.0|14|14|0.0|4.282062292098999|5.006939888000488|0|9.289002180099487
(7018,6467,701)|6|5|16.666666666666668|52|42|19.23076923076923|1|1|3|3|8|7|12.5|14|12|14.285714285714286|2.9179117679595947|4.352658987045288|0|7.270570755004883
(7018,6467,701)|6|6|0.0|52|52|0.0|1|1|3|3|8|8|0.0|14|14|0.0|4.1299543380737305|5.1599225997924805|0|9.289876937866211
(7018,6467,701)|6|5|16.666666666666668|52|42|19.23076923076923|1|1|3|3|8|7|12.5|14|12|14.285714285714286|3.2399613857269287|5.375273942947388|0|8.615235328674316
(7018,6467,701)|6|6|0.0|52|52|0.0|1|1|3|3|8|8|0.0|14|14|0.0|5.118473052978516|6.239184141159058|0|11.357657194137573
(1239,6467,7018)|3|2|33.333333333333336|22|14|36.36363636363637|2|2|1|1|4|3|25.0|7|5|28.571428571428573|0.19510436058044434|0.13103914260864258|0|0.3261435031890869
(1239,6467,7018)|3|2|33.333333333333336|22|14|36.36363636363637|2|2|1|1|4|3|25.0|7|5|28.571428571428573|0.0925588607788086|0.09800100326538086|0|0.19055986404418945
(1239,6467,7018)|3|2|33.333333333333336|22|14|36.36363636363637|2|2|1|1|4|3|25.0|7|5|28.571428571428573|0.10449862480163574|0.16946864128112793|0|0.27396726608276367
(1239,6467,7018)|3|3|0.0|22|22|0.0|2|2|1|1|4|4|0.0|7|7|0.0|0.12841033935546875|0.20340728759765625|0|0.331817626953125
(1239,6467,7018)|3|3|0.0|22|22|0.0|2|2|1|1|4|4|0.0|7|7|0.0|0.0885777473449707|0.19848847389221191|0|0.2870662212371826
(1239,6467,7018)|3|3|0.0|22|22|0.0|2|2|1|1|4|4|0.0|7|7|0.0|0.08733677864074707|0.14579224586486816|0|0.23312902450561523
(1239,6467,7018)|3|2|33.333333333333336|22|14|36.36363636363637|2|2|1|1|4|3|25.0|7|5|28.571428571428573|0.1644272804260254|0.1779170036315918|0|0.3423442840576172
(1239,6467,7018)|3|2|33.333333333333336|22|14|36.36363636363637|2|2|1|1|4|3|25.0|7|5|28.571428571428573|0.1163477897644043|0.10736393928527832|0|0.22371172904968262
(1239,6467,7018)|3|2|33.333333333333336|22|14|36.36363636363637|2|2|1|1|4|3|25.0|7|5|28.571428571428573|0.13174223899841309|0.14380931854248047|0|0.27555155754089355
(1239,6467,7018)|3|3|0.0|22|22|0.0|2|2|1|1|4|4|0.0|7|7|0.0|0.13398027420043945|0.3042919635772705|0|0.43827223777770996
(1239,6467,2914)|12|10|16.666666666666668|94|78|17.02127659574468|2|2|3|3|8|7|12.5|18|15|16.666666666666668|0.8293752670288086|3.419229030609131|0|4.2486042976379395
(1239,6467,2914)|12|5|58.333333333333336|94|38|59.57446808510638|2|1|3|3|8|5|37.5|18|10|44.44444444444444|0.5193660259246826|1.8447916507720947|0|2.3641576766967773
(1239,6467,2914)|12|10|16.666666666666668|94|78|17.02127659574468|2|2|3|3|8|7|12.5|18|16|11.11111111111111|0.5092122554779053|3.7242584228515625|0|4.233470678329468
(1239,6467,2914)|12|12|0.0|94|94|0.0|2|2|3|3|8|8|0.0|18|18|0.0|0.8447985649108887|6.612138032913208|0|7.456936597824097
(1239,6467,2914)|12|11|8.333333333333334|94|86|8.51063829787234|2|2|3|3|8|8|0.0|18|17|5.555555555555555|0.7244040966033936|4.630737781524658|0|5.355141878128052
(1239,6467,2914)|12|7|41.666666666666664|94|54|42.5531914893617|2|2|3|3|8|7|12.5|18|14|22.22222222222222|0.5623660087585449|2.9992218017578125|0|3.5615878105163574
(1239,6467,2914)|12|7|41.666666666666664|94|54|42.5531914893617|2|2|3|2|8|5|37.5|18|11|38.888888888888886|1.049736738204956|3.4388816356658936|0|4.48861837387085
(1239,6467,2914)|12|6|50.0|94|46|51.06382978723404|2|2|3|2|8|5|37.5|18|10|44.44444444444444|0.5272080898284912|2.2159583568573|0|2.743166446685791
(1239,6467,2914)|12|11|8.333333333333334|94|86|8.51063829787234|2|2|3|3|8|8|0.0|18|18|0.0|0.7059140205383301|5.749504089355469|0|6.455418109893799
(1239,6467,2914)|12|6|50.0|94|46|51.06382978723404|2|2|3|2|8|6|25.0|18|12|33.333333333333336|0.5872220993041992|1.993255376815796|0|2.580477476119995
(1239,6467,1)|14|10|28.571428571428573|126|90|28.571428571428573|2|2|3|2|9|8|11.11111111111111|19|17|10.526315789473685|19.3511061668396|24.88066005706787|0|44.23176622390747
(1239,6467,1)|14|12|14.285714285714286|126|108|14.285714285714286|2|2|3|3|9|9|0.0|19|19|0.0|20.910142421722412|25.986039638519287|0|46.8961820602417
(1239,6467,1)|14|11|21.428571428571427|126|96|23.80952380952381|2|2|3|3|9|8|11.11111111111111|19|15|21.05263157894737|14.762529850006104|26.498445510864258|0|41.26097536087036
(1239,6467,1)|14|11|21.428571428571427|126|100|20.634920634920636|2|2|3|2|9|8|11.11111111111111|19|17|10.526315789473685|26.61725902557373|29.417020082473755|0|56.034279108047485
(1239,6467,1)|14|11|21.428571428571427|126|98|22.22222222222222|2|2|3|3|9|8|11.11111111111111|19|17|10.526315789473685|27.07863140106201|32.50944900512695|0|59.588080406188965
(1239,6467,1)|14|11|21.428571428571427|126|96|23.80952380952381|2|2|3|3|9|7|22.22222222222222|19|14|26.31578947368421|18.094817638397217|26.14455485343933|0|44.23937249183655
(1239,6467,1)|14|13|7.142857142857143|126|116|7.936507936507937|2|2|3|3|9|8|11.11111111111111|19|17|10.526315789473685|27.364558935165405|36.05144119262695|0|63.41600012779236
(1239,6467,1)|14|6|57.142857142857146|126|52|58.73015873015873|2|2|3|3|9|7|22.22222222222222|19|13|31.57894736842105|12.62440824508667|17.52674412727356|0|30.15115237236023
(1239,6467,1)|14|12|14.285714285714286|126|106|15.873015873015873|2|2|3|3|9|8|11.11111111111111|19|16|15.789473684210526|20.133938312530518|30.796827793121338|0|50.930766105651855
(1239,6467,1)|14|10|28.571428571428573|126|90|28.571428571428573|2|2|3|2|9|7|22.22222222222222|19|15|21.05263157894737|21.90148115158081|24.824554681777954|0|46.726035833358765
(1239,6467,1785)|3|2|33.333333333333336|22|14|36.36363636363637|2|2|1|1|4|3|25.0|7|5|28.571428571428573|0.09163570404052734|0.2560148239135742|0|0.34765052795410156
(1239,6467,1785)|3|3|0.0|22|22|0.0|2|2|1|1|4|4|0.0|7|7|0.0|0.12157630920410156|0.21369028091430664|0|0.3352665901184082
(1239,6467,1785)|3|2|33.333333333333336|22|14|36.36363636363637|2|2|1|1|4|3|25.0|7|5|28.571428571428573|0.10310149192810059|0.13569188117980957|0|0.23879337310791016
(1239,6467,1785)|3|3|0.0|22|22|0.0|2|2|1|1|4|4|0.0|7|7|0.0|0.1639561653137207|0.3210763931274414|0|0.4850325584411621
(1239,6467,1785)|3|3|0.0|22|22|0.0|2|2|1|1|4|4|0.0|7|7|0.0|0.08817720413208008|0.2791922092437744|0|0.3673694133758545
(1239,6467,1785)|3|3|0.0|22|22|0.0|2|2|1|1|4|4|0.0|7|7|0.0|0.18546509742736816|0.21518468856811523|0|0.4006497859954834
(1239,6467,1785)|3|3|0.0|22|22|0.0|2|2|1|1|4|4|0.0|7|7|0.0|0.1566755771636963|0.25048208236694336|0|0.40715765953063965
(1239,6467,1785)|3|2|33.333333333333336|22|14|36.36363636363637|2|2|1|1|4|3|25.0|7|5|28.571428571428573|0.16765046119689941|0.13373351097106934|0|0.30138397216796875
(1239,6467,1785)|3|3|0.0|22|22|0.0|2|2|1|1|4|4|0.0|7|7|0.0|0.1226344108581543|0.29996824264526367|0|0.42260265350341797
(1239,6467,1785)|3|3|0.0|22|22|0.0|2|2|1|1|4|4|0.0|7|7|0.0|0.12178730964660645|0.1720142364501953|0|0.29380154609680176
(1239,6467,6461)|6|3|50.0|46|22|52.17391304347826|2|2|2|1|5|4|20.0|10|7|30.0|0.24152827262878418|0.6394264698028564|0|0.8809547424316406
(1239,6467,6461)|6|4|33.333333333333336|46|30|34.78260869565217|2|2|2|1|5|4|20.0|10|8|20.0|0.30047178268432617|0.7439265251159668|0|1.044398307800293
(1239,6467,6461)|6|4|33.333333333333336|46|30|34.78260869565217|2|2|2|2|5|5|0.0|10|9|10.0|0.1949610710144043|0.6997919082641602|0|0.8947529792785645
(1239,6467,6461)|6|6|0.0|46|46|0.0|2|2|2|2|5|5|0.0|10|10|0.0|0.2472386360168457|1.025170087814331|0|1.2724087238311768
(1239,6467,6461)|6|6|0.0|46|46|0.0|2|2|2|2|5|5|0.0|10|10|0.0|0.219374418258667|0.9948503971099854|0|1.2142248153686523
(1239,6467,6461)|6|3|50.0|46|22|52.17391304347826|2|2|2|1|5|4|20.0|10|7|30.0|0.24135875701904297|0.4276254177093506|0|0.6689841747283936
(1239,6467,6461)|6|4|33.333333333333336|46|30|34.78260869565217|2|2|2|1|5|4|20.0|10|8|20.0|0.3469076156616211|0.7820932865142822|0|1.1290009021759033
(1239,6467,6461)|6|4|33.333333333333336|46|30|34.78260869565217|2|2|2|1|5|4|20.0|10|8|20.0|0.2157139778137207|0.7325267791748047|0|0.9482407569885254
(1239,6467,6461)|6|6|0.0|46|46|0.0|2|2|2|2|5|5|0.0|10|10|0.0|0.3508906364440918|0.9813313484191895|0|1.3322219848632812
(1239,6467,6461)|6|6|0.0|46|46|0.0|2|2|2|2|5|5|0.0|10|10|0.0|0.20684814453125|1.0874221324920654|0|1.2942702770233154
(1239,6467,701)|12|9|25.0|108|80|25.925925925925927|2|2|2|2|8|7|12.5|18|15|16.666666666666668|18.540968418121338|23.520469903945923|0|42.06143832206726
(1239,6467,701)|12|8|33.333333333333336|108|70|35.18518518518518|2|2|2|2|8|7|12.5|18|14|22.22222222222222|13.8063805103302|20.935075759887695|0|34.741456270217896
(1239,6467,701)|12|8|33.333333333333336|108|70|35.18518518518518|2|2|2|2|8|7|12.5|18|14|22.22222222222222|13.538539409637451|20.99622893333435|0|34.5347683429718
(1239,6467,701)|12|7|41.666666666666664|108|60|44.44444444444444|2|2|2|2|8|7|12.5|18|12|33.333333333333336|7.6584389209747314|15.430800199508667|0|23.0892391204834
(1239,6467,701)|12|7|41.666666666666664|108|60|44.44444444444444|2|2|2|2|8|7|12.5|18|15|16.666666666666668|9.869550943374634|18.802762985229492|0|28.672313928604126
(1239,6467,701)|12|10|16.666666666666668|108|88|18.51851851851852|2|2|2|2|8|7|12.5|18|15|16.666666666666668|11.86731505393982|17.422598361968994|0|29.289913415908813
(1239,6467,701)|12|10|16.666666666666668|108|88|18.51851851851852|2|2|2|2|8|7|12.5|18|15|16.666666666666668|16.50058603286743|26.040160179138184|0|42.540746212005615
(1239,6467,701)|12|7|41.666666666666664|108|60|44.44444444444444|2|2|2|2|8|6|25.0|18|12|33.333333333333336|7.503968000411987|10.6548490524292|0|18.158817052841187
(1239,6467,701)|12|12|0.0|108|108|0.0|2|2|2|2|8|8|0.0|18|18|0.0|21.570783853530884|28.661365032196045|0|50.23214888572693
(1239,6467,701)|12|8|33.333333333333336|108|70|35.18518518518518|2|2|2|2|8|7|12.5|18|14|22.22222222222222|16.766376733779907|20.753508806228638|0|37.519885540008545
