34272
79444
79444
80276
80276
88520
80444
80444
80444
80444
80444
80444
80444
80444
80444
80444
80444
80444
80444
80444
80828
89012
89012
89012
89012
89012
89012
89012
89012
89276
89276
89276
89276
89276
89276
89276
89276
89276
89276
89276
89276
89276
89276
89276
89276
89276
89276
89276
89276
73072
81252
81252
81252
81252
81252
81252
81252
81252
81252
81252
81252
81252
81252
81252
81252
81252
80872
80872
89048
89048
89048
89048
89048
89048
89048
89312
89312
89312
89312
89312
89312
89312
89312
89312
89312
89312
89312
89312
89312
89312
89312
89312
89312
89312
89312
89312
89312
89312
89312
89312
89312
89576
89576
89576
89576
89576
89576
89576
89576
89576
89576
89576
89576
89576
89576
89576
89576
89576
89576
89576
89576
89576
89576
89576
89576
89576
89576
89576
89576
89840
89840
89840
89840
89840
89840
89840
89840
89840
89840
89840
89840
89840
89840
89840
89840
89840
89840
89840
89840
89840
89840
89840
89840
89840
89840
89840
89840
89840
90104
90104
90104
90104
90104
90104
90104
90104
90104
90104
90104
90104
90104
90104
90104
90104
90368
90368
90368
90368
90368
90368
90368
90368
90368
90368
90368
90368
90368
90368
90368
90368
90368
90368
90632
90632
90632
90632
90632
90632
90632
90632
90632
90632
90632
90632
90632
90632
90632
90632
90632
90632
90632
90632
90632
90632
90632
90632
90632
90632
90632
90632
90632
90632
90632
90632
90632
90632
90896
90896
90896
90896
90896
90896
90896
90896
90896
90896
90896
91160
91160
91160
91160
91160
91160
91160
91160
91160
91160
91160
91160
91160
91160
91160
91160
91160
91160
91160
91160
91160
91160
91160
91160
91160
91160
91160
91160
91160
91424
91424
91424
91424
91424
91424
91424
91424
91424
91424
91424
91424
91424
91424
91424
91424
91424
91424
91424
91424
91424
91424
91424
91424
91424
91424
91424
91424
91424
91424
91424
91424
91424
91424
91424
91424
91424
91424
91424
91424
91424
91424
91424
91424
91424
91688
91688
91688
91688
91688
91688
91688
91688
91688
91952
91952
91952
91952
91952
91952
91952
91952
91952
91952
91952
91952
91952
91952
91952
91952
91952
91952
91952
91952
91952
91952
91952
91952
91952
91952
91952
91952
91952
91952
91952
91952
91952
91952
91952
91952
92216
92216
92216
92216
92216
92216
92216
92216
92216
92480
92480
92480
92480
92480
92480
92480
92480
92480
92480
92480
92480
92480
92480
92480
92480
92480
92480
92480
92480
92480
92480
92480
92480
92480
92480
92480
92480
92480
92480
92480
92480
92480
92480
92480
92480
92480
92480
92480
92480
92480
92480
92480
92480
92480
92480
92480
92480
92480
92480
92480
92480
92480
92480
92480
92480
92480
92480
92480
92480
92480
92480
92480
92480
92480
92480
92480
92480
92480
92480
92480
92480
92480
92480
92480
92480
92480
92480
92480
92480
92480
92480
92480
92480
92480
92480
92480
92480
92480
92480
92480
92480
92480
92480
92480
92480
92480
92480
92480
92480
92480
92480
92480
92480
92480
92480
92480
92480
92480
92480
92480
92480
92480
92480
92480
92480
92480
92480
92480
92480
92480
92480
92480
92480
92480
92480
92480
92480
92480
92480
92480
92480
92480
92480
92480
91996
91996
91996
91996
91996
91996
91996
91996
91996
91996
91996
91996
91996
91484
91484
91484
91484
91484
91484
91484
91484
91484
91484
91484
91484
91484
91484
91484
91484
91484
91484
91484
91484
91484
91484
91484
91484
91484
91484
91484
91484
91484
91484
91484
91484
91484
91484
91484
91484
91484
91484
91484
91484
91484
91484
91484
91484
91484
91484
91484
91484
91484
91484
91484
91484
91484
91484
91484
91484
91484
91484
91484
91484
91484
91484
91484
91484
91484
91484
91484
91484
91484
91484
91484
91484
91484
91484
91484
91484
91484
91484
91484
91484
91484
91484
91484
91484
91484
91484
91484
91484
91484
91484
91484
91484
91484
91484
91484
91484
91484
91484
91484
91484
91484
91484
91484
91484
91484
91484
91484
91484
91484
91484
91484
91484
91484
91484
91484
91484
91484
91484
91484
91484
91484
91484
91484
91484
91484
91484
91484
91484
91484
91484
91484
91484
91484
91484
91484
91484
91484
91484
91484
91484
91484
91484
91484
91484
91484
91484
91484
91484
91484
91484
91484
91484
91484
91484
91484
91484
91484
91484
91484
91484
91484
91484
91484
91484
91484
91484
91484
91484
91484
91484
91484
91484
91484
91484
91484
91484
91484
91484
91744
91744
91744
91744
91744
91744
91744
91744
91744
91744
91744
91744
91744
91744
91744
91744
91744
91744
91744
91744
91744
91744
91744
91744
91744
91744
91744
91744
91744
91744
91744
91744
91744
91744
91744
91744
91744
91744
91744
91744
91744
91744
91744
91744
91744
91744
91744
91744
92008
92272
92272
92272
92272
92272
92272
92272
92272
92272
92272
92272
92272
92272
92272
92272
92272
92272
92272
92272
92272
92272
92272
92272
92272
92272
92272
92272
92252
92252
92252
92252
92252
92252
92252
92252
92252
92252
92252
92252
92252
92252
92252
92252
92252
92252
92252
92252
92252
92252
92252
92252
92252
92252
92252
92252
92252
92252
92252
92252
92252
92252
92252
92252
92252
92252
92252
92252
92252
92252
92252
92252
92252
92252
92252
92252
92252
92252
92252
92252
92252
92252
92252
92252
92252
92252
91996
91996
91996
91996
91996
91996
91996
91996
91996
91996
91996
91996
91996
91996
91996
91996
91996
91996
91996
91996
91740
91740
91740
91740
91740
91740
91740
91740
91740
91740
91740
91740
91740
91740
91740
91740
91740
91740
91740
91740
91740
91740
91740
91740
91740
91740
91740
91740
91740
91740
91740
91740
91740
91740
91740
91740
91740
91740
91740
91740
91740
91740
91740
91740
91740
91740
91740
91740
91740
91484
91484
91484
91484
91484
91484
91484
91484
91484
91484
91484
91484
91484
91484
91484
91484
91484
91484
91484
91484
91484
91484
91484
91484
91484
91484
91484
91484
91484
91484
91484
91484
91484
91484
91484
91484
91484
91484
91484
91484
91484
91484
91484
91484
91484
91484
91484
91484
91484
91484
91484
91484
91484
91484
91484
91484
91484
91484
91484
91484
91484
91484
91484
91484
91484
91484
91484
91484
91484
91484
91484
91484
91484
91484
91484
91484
91484
91484
91484
91484
91484
91484
91484
91484
91484
91484
91484
91484
91484
91484
91484
91484
91484
91484
91484
91484
91484
91484
91484
91484
91484
91484
91484
91484
91484
91484
91484
91484
91484
91484
91484
91484
91484
91484
91484
91484
91484
91484
91484
91484
91484
91484
91484
91484
91484
91484
91484
91484
91484
91484
91484
91484
91484
91484
91484
91484
91484
91484
91484
91484
91484
91484
91484
91484
91484
91484
91484
91484
91484
91484
91484
91484
91484
91484
91484
91484
91484
91484
91484
91484
91484
91484
91484
91484
91484
91484
91484
91484
91484
91484
91484
91484
91484
91484
91484
91484
91484
91744
91744
91744
91744
91744
91744
91744
91744
91744
91744
91744
91744
91744
91744
91744
91744
91744
91744
91744
91744
91744
91744
91744
91744
91744
91744
91744
91744
91744
91744
91744
91744
91744
91744
91744
91744
91744
91744
91744
91744
91744
91744
91744
91744
91744
91744
91744
91744
92008
92008
92272
92272
92272
92272
92272
92272
92272
92272
92272
92272
92272
92272
92272
92272
92272
92272
92272
92272
92272
92272
92272
92272
92272
92272
92272
92272
92272
92272
92252
92252
92252
92252
92252
92252
92252
92252
92252
92252
92252
92252
92252
92252
92252
92252
92252
92252
92252
92252
92252
92252
92252
92252
92252
92252
92252
92252
92252
92252
92252
92252
92252
92252
92252
92252
92252
92252
92252
92252
92252
92252
92252
92252
92252
92252
92252
92252
92252
92252
92252
92252
92252
92252
92252
92252
92252
92252
92252
92252
92252
92252
92252
92252
92252
92252
92252
92252
92252
92252
92252
92252
92252
92252
92252
92252
92252
92252
92252
92252
92252
92252
92252
92252
92252
92252
92252
92252
92252
92252
92252
92252
92252
92252
92252
92252
92252
92252
92252
92252
92252
92252
92252
92252
92252
91996
91996
91996
91996
91996
91996
91996
91996
91996
91996
91996
91996
91996
91740
91740
91740
91740
91740
91740
91740
91740
91740
91740
91740
91740
91740
91740
91740
91740
91740
91740
91740
91740
91740
91740
91740
91740
91740
91740
91740
91740
91740
91740
91740
91740
91740
91740
91740
91740
91740
91740
91740
91740
91740
91740
91740
91740
91740
91740
91740
91740
91740
91740
91740
91740
91740
91740
91740
91740
91740
91740
91740
91740
91740
91740
91740
91740
91740
91740
91740
91740
91740
91740
91740
91740
91740
91740
91740
91740
91740
91740
91740
91740
91740
91740
91740
91740
91740
91740
91740
91740
91740
91740
91740
91740
91740
91740
91740
91740
91740
91740
91740
91740
91740
91740
91740
91740
91740
91740
91740
91740
91740
91740
91740
91740
91740
91740
91740
91740
91740
91740
91740
91740
91740
91740
91740
91740
91740
91740
91740
91740
91740
91740
91484
91484
91484
91484
91484
91484
91484
91484
91484
91484
91484
91484
91484
91484
91484
91484
91484
91484
91484
91484
91484
91484
91484
91484
91484
91484
91484
91484
91484
91484
91484
91484
91484
91484
91484
91484
91484
91484
91484
91484
91484
91484
91484
91484
91484
91484
91484
91484
91484
91484
91484
91484
91484
91484
91484
91484
91484
91484
91484
91744
91744
91744
91744
91744
91744
91744
91744
91744
91744
91744
91744
91744
91744
91744
91744
91744
91744
91744
91744
91744
91744
91744
91744
91744
91744
91744
91744
91744
91744
91744
91744
91744
91744
91744
91744
91744
91744
91744
91744
91744
91744
91744
91744
91744
92008
92008
92272
92272
92272
92272
92272
92272
92272
92272
92272
92272
92272
92272
92272
92272
92272
92272
92272
92272
92272
92272
92272
92272
92272
92272
92272
92272
