as_file: 4755
Length of closure groups: 6 6 3 2 5 9 9 4 2 3 4 4 6 8 3 5 6 3 6 6 4 5 6 6 8 5 5 6 4 4 7 3 5 4 5 5 6 4 5 9 3 5 6 6 4 4 5 7 4 9 4 4 6 6 8 3 4 6 5 8 4 6 7 6 6 6 6 5 6 4 6 8 5 4 7 8 4 6 4 6 6 4 8 6 7 5 4 6 6 7 5 5 6 4 7 6 5 4 6 6 4 6 5 5 4 6 4 6 3 6 6 4 4 9 5 4 7 9 4 6 5 5 6 4 6 5 4 6 6 9 4 6 6 8 4 7 4 4 6 6 7 6 5 5 4 4 4 4 3 5
Number of closure groups: 3 3 3 3 3 3 3 3 3 3 3 3 3 3 3 3 3 3 3 3 3 3 3 3 3 3 3 3 3 3 3 3 3 3 3 3 3 3 3 3 3 3 3 3 3 3 3 3 3 3
Individual closure group timings: 0.0014636516571044922 0.0014116764068603516 0.0012655258178710938 0.0012691020965576172 0.0013897418975830078 0.0016398429870605469 0.0016810894012451172 0.0013496875762939453 0.001224517822265625 0.0013179779052734375 0.0012586116790771484 0.0012745857238769531 0.0014514923095703125 0.0015726089477539062 0.0013210773468017578 0.0014011859893798828 0.0014233589172363281 0.0013265609741210938 0.001425027847290039 0.001337289810180664 0.0012345314025878906 0.001382589340209961 0.0014410018920898438 0.0013384819030761719 0.0014750957489013672 0.0013573169708251953 0.001232147216796875 0.0014803409576416016 0.0012850761413574219 0.0012898445129394531 0.0014832019805908203 0.0012919902801513672 0.0013229846954345703 0.0012552738189697266 0.0012850761413574219 0.001249551773071289 0.0014126300811767578 0.0012354850769042969 0.0012469291687011719 0.0017521381378173828 0.0012366771697998047 0.0013272762298583984 0.001444101333618164 0.0014111995697021484 0.0012772083282470703 0.0013499259948730469 0.0013051033020019531 0.0014503002166748047 0.0013353824615478516 0.0016887187957763672 0.0012631416320800781 0.0013544559478759766 0.0013935565948486328 0.0013933181762695312 0.001280069351196289 0.0009160041809082031 0.0010142326354980469 0.0014231204986572266 0.0013251304626464844 0.0015592575073242188 0.0013699531555175781 0.0014171600341796875 0.0014603137969970703 0.0014679431915283203 0.0014188289642333984 0.001405477523803711 0.0014417171478271484 0.001379251480102539 0.0014202594757080078 0.0013556480407714844 0.0014085769653320312 0.0015561580657958984 0.0013041496276855469 0.0012793540954589844 0.0013856887817382812 0.0016083717346191406 0.0013170242309570312 0.001405477523803711 0.0012969970703125 0.001359701156616211 0.0013613700866699219 0.001316070556640625 0.0014858245849609375 0.0014202594757080078 0.0015323162078857422 0.0013513565063476562 0.001333475112915039 0.001401662826538086 0.001374959945678711 0.0014660358428955078 0.0014188289642333984 0.0013585090637207031 0.0013935565948486328 0.0013997554779052734 0.0014638900756835938 0.0014100074768066406 0.0013761520385742188 0.0012929439544677734 0.001405954360961914 0.001468658447265625 0.0013303756713867188 0.0014121532440185547 0.0013813972473144531 0.0013799667358398438 0.0013039112091064453 0.0014433860778808594 0.0012531280517578125 0.0013241767883300781 0.0013089179992675781 0.0014362335205078125 0.0014324188232421875 0.0013203620910644531 0.0012869834899902344 0.0016565322875976562 0.001386880874633789 0.0013370513916015625 0.0014996528625488281 0.0016720294952392578 0.001325845718383789 0.0013976097106933594 0.001384735107421875 0.0013451576232910156 0.0014004707336425781 0.0013628005981445312 0.0013692378997802734 0.0012941360473632812 0.0013306140899658203 0.001394033432006836 0.0014145374298095703 0.0017025470733642578 0.0013194084167480469 0.001405477523803711 0.001316070556640625 0.0012736320495605469 0.0011415481567382812 0.0015249252319335938 0.0013380050659179688 0.0012981891632080078 0.0013549327850341797 0.0012748241424560547 0.0013427734375 0.001463174819946289 0.0013463497161865234 0.0013470649719238281 0.001245737075805664 0.0012173652648925781 0.0012204647064208984 0.0013537406921386719 0.0013089179992675781 0.001359701156616211
Data Time Sum (seconds): 0.0041408538818359375 0.004298686981201172 0.0042552947998046875 0.003851175308227539 0.0043451786041259766 0.004151105880737305 0.003996849060058594 0.0041620731353759766 0.0040645599365234375 0.0040552616119384766 0.004098176956176758 0.0037899017333984375 0.0038950443267822266 0.004316091537475586 0.004132509231567383 0.004105329513549805 0.004287242889404297 0.004141330718994141 0.003210306167602539 0.00430750846862793 0.004247426986694336 0.00429224967956543 0.004241228103637695 0.004320383071899414 0.0039691925048828125 0.004330873489379883 0.004018068313598633 0.00422215461730957 0.0042171478271484375 0.004242658615112305 0.004170894622802734 0.004273653030395508 0.004075050354003906 0.0042111873626708984 0.004065275192260742 0.00402069091796875 0.004177570343017578 0.004263877868652344 0.00422358512878418 0.004395484924316406 0.004130363464355469 0.004026174545288086 0.0041391849517822266 0.004427433013916016 0.003731250762939453 0.00416111946105957 0.003972530364990234 0.004156589508056641 0.0036835670471191406 0.004022359848022461
Data Time Average (seconds): 0.004120674133300781
Standard Deviation: 0.00020696826556406296

as_file: 3356
Length of closure groups: 6 8 7 6 6 5 8 6 8 8 3 8 8 6 7 6 7 5 8 7 5 7 9 8 6 6 8 7 8 9 6 7 7 6 9 6 6 6 8 6 6 6 8 6 9 8 6 7 10 7 5 8 8 9 5 9 7 6 5 8 8 9 6 9 7 7 6 8 8 7 6 7 6 6 7 5 8 7 7 7 8 7 7 4 9 8 7 7 10 8 5 8 7 5 8 8 7 7 8 9 8 7 5 6 6 4 7 8 6 7 6 5 5 7 6 6 7 5 7 5 7 5 5 8 10 8 9 7 8 7 8 7 7 7 5 9 7 7 9 10 8 6 8 6 11 7 7 8 5 8
Number of closure groups: 3 3 3 3 3 3 3 3 3 3 3 3 3 3 3 3 3 3 3 3 3 3 3 3 3 3 3 3 3 3 3 3 3 3 3 3 3 3 3 3 3 3 3 3 3 3 3 3 3 3
Individual closure group timings: 0.0013365745544433594 0.0014927387237548828 0.0013782978057861328 0.0014452934265136719 0.0014405250549316406 0.001359701156616211 0.0015895366668701172 0.001386404037475586 0.0015137195587158203 0.001565694808959961 0.0012578964233398438 0.0015306472778320312 0.0015726089477539062 0.0013682842254638672 0.0014598369598388672 0.001447439193725586 0.0014886856079101562 0.0013365745544433594 0.0015833377838134766 0.0014810562133789062 0.0013551712036132812 0.001430511474609375 0.001556396484375 0.0014309883117675781 0.0014286041259765625 0.0013701915740966797 0.0014910697937011719 0.0015304088592529297 0.001575469970703125 0.0016243457794189453 0.0013246536254882812 0.0013804435729980469 0.0013604164123535156 0.0014252662658691406 0.0013992786407470703 0.0011968612670898438 0.001390695571899414 0.0013630390167236328 0.0015048980712890625 0.001415252685546875 0.0013594627380371094 0.0013072490692138672 0.0016067028045654297 0.0014355182647705078 0.0016553401947021484 0.0015723705291748047 0.0014159679412841797 0.0014240741729736328 0.0017669200897216797 0.0014162063598632812 0.001285552978515625 0.0016105175018310547 0.001589059829711914 0.0016498565673828125 0.0014231204986572266 0.0016651153564453125 0.0015063285827636719 0.001455068588256836 0.0013408660888671875 0.0015110969543457031 0.0015864372253417969 0.0015795230865478516 0.0013489723205566406 0.0016925334930419922 0.001399993896484375 0.0014231204986572266 0.0014538764953613281 0.0015530586242675781 0.0015850067138671875 0.0014843940734863281 0.0013308525085449219 0.0014123916625976562 0.0014395713806152344 0.0014443397521972656 0.0014667510986328125 0.0013663768768310547 0.0014996528625488281 0.0013670921325683594 0.0015254020690917969 0.0014750957489013672 0.001554727554321289 0.0013759136199951172 0.0014719963073730469 0.0013065338134765625 0.0017015933990478516 0.0015323162078857422 0.0014719963073730469 0.0015132427215576172 0.0017998218536376953 0.0014967918395996094 0.0013325214385986328 0.001459360122680664 0.0014057159423828125 0.001325845718383789 0.0014557838439941406 0.0015730857849121094 0.0014903545379638672 0.001355886459350586 0.00147247314453125 0.0016858577728271484 0.0015478134155273438 0.0014557838439941406 0.0013477802276611328 0.001361846923828125 0.001338958740234375 0.0012485980987548828 0.0013773441314697266 0.001428842544555664 0.0014545917510986328 0.0014739036560058594 0.0014333724975585938 0.0014293193817138672 0.001336812973022461 0.001421213150024414 0.0014700889587402344 0.0014090538024902344 0.0014584064483642578 0.0013818740844726562 0.0014538764953613281 0.0012791156768798828 0.0014278888702392578 0.0012845993041992188 0.001302480697631836 0.0016002655029296875 0.0017747879028320312 0.0015478134155273438 0.0016307830810546875 0.0014660358428955078 0.0015239715576171875 0.001529693603515625 0.0015559196472167969 0.001499176025390625 0.0014543533325195312 0.0014274120330810547 0.001314401626586914 0.0016293525695800781 0.0014030933380126953 0.0014324188232421875 0.0017197132110595703 0.0017576217651367188 0.0015039443969726562 0.001444101333618164 0.0015549659729003906 0.0014064311981201172 0.0018949508666992188 0.001434326171875 0.0014569759368896484 0.0015082359313964844 0.001294851303100586 0.0015168190002441406
Data Time Sum (seconds): 0.004207611083984375 0.0042455196380615234 0.0044896602630615234 0.004354238510131836 0.004400730133056641 0.0042726993560791016 0.004419565200805664 0.004417896270751953 0.004289865493774414 0.004730224609375 0.004065513610839844 0.004021406173706055 0.004258632659912109 0.0040819644927978516 0.004697561264038086 0.004412412643432617 0.004468679428100586 0.004849433898925781 0.004594564437866211 0.0043070316314697266 0.004514932632446289 0.004515647888183594 0.004591941833496094 0.004227638244628906 0.0043506622314453125 0.004233121871948242 0.004555225372314453 0.0041544437408447266 0.004705905914306641 0.004809856414794922 0.004197597503662109 0.004354715347290039 0.004318714141845703 0.004689455032348633 0.004048585891723633 0.0040547847747802734 0.004361867904663086 0.004187345504760742 0.0043375492095947266 0.004114866256713867 0.0040149688720703125 0.0049228668212890625 0.004620790481567383 0.004584789276123047 0.0041961669921875 0.004464864730834961 0.004981279373168945 0.004405498504638672 0.004786252975463867 0.004319906234741211
Data Time Average (seconds): 0.004404149055480957
Standard Deviation: 0.00024280113399304751

as_file: 2914
Length of closure groups: 8 8 9 11 7 10 7 7 13 9 8 7 12 8 11 8 10 9 8 10 9 9 8 8 8 7 8 7 8 10 7 10 9 9 8 10 8 7 8 8 11 9 9 10 8 11 9 8 12 10 8 9 7 8 10 9 9 7 8 10 8 11 9 9 15 9 9 7 9 10 8 7 8 8 8 6 7 10 7 12 9 10 8 8 13 10 10 9 11 7 8 9 9 9 5 8 7 10 9 7 9 11 6 9 7 6 8 11 10 8 7 8 9 7 8 5 9 10 10 9 7 10 12 8 8 11 9 7 11 8 8 8 6 5 9 8 8 7 10 10 8 9 8 11 8 8 11 9 8 7
Number of closure groups: 3 3 3 3 3 3 3 3 3 3 3 3 3 3 3 3 3 3 3 3 3 3 3 3 3 3 3 3 3 3 3 3 3 3 3 3 3 3 3 3 3 3 3 3 3 3 3 3 3 3
Individual closure group timings: 0.0015497207641601562 0.0015094280242919922 0.0015935897827148438 0.0018382072448730469 0.0014929771423339844 0.0017714500427246094 0.0015132427215576172 0.0014061927795410156 0.010369539260864258 0.001631021499633789 0.0014560222625732422 0.0013604164123535156 0.009588003158569336 0.0014884471893310547 0.0017533302307128906 0.001546621322631836 0.0015995502471923828 0.001476287841796875 0.0015912055969238281 0.0017669200897216797 0.0016677379608154297 0.0017066001892089844 0.0015635490417480469 0.0015702247619628906 0.0012426376342773438 0.0013887882232666016 0.0014340877532958984 0.001466989517211914 0.0014715194702148438 0.0017294883728027344 0.0014853477478027344 0.0017311573028564453 0.001596212387084961 0.0016753673553466797 0.001463174819946289 0.0016970634460449219 0.0015439987182617188 0.0014069080352783203 0.0015053749084472656 0.001565694808959961 0.0017285346984863281 0.0016486644744873047 0.0017058849334716797 0.0017197132110595703 0.0015022754669189453 0.0019106864929199219 0.001628875732421875 0.0015263557434082031 0.009904623031616211 0.0017466545104980469 0.0015034675598144531 0.0016858577728271484 0.001501321792602539 0.001554727554321289 0.0018401145935058594 0.001646280288696289 0.0016579627990722656 0.0014774799346923828 0.0015330314636230469 0.0017108917236328125 0.0014657974243164062 0.0018465518951416016 0.0016467571258544922 0.001611948013305664 0.012618780136108398 0.0015668869018554688 0.0016932487487792969 0.001470804214477539 0.0016493797302246094 0.00182342529296875 0.0015523433685302734 0.001491546630859375 0.0016396045684814453 0.0015552043914794922 0.0015559196472167969 0.0014641284942626953 0.0014293193817138672 0.0017421245574951172 0.0015172958374023438 0.009916305541992188 0.0016028881072998047 0.0017802715301513672 0.001447439193725586 0.001430511474609375 0.010793447494506836 0.0017180442810058594 0.001714944839477539 0.0017228126525878906 0.0018467903137207031 0.0014235973358154297 0.001607656478881836 0.0016667842864990234 0.001653909683227539 0.0017278194427490234 0.0013134479522705078 0.0014986991882324219 0.0015320777893066406 0.0017676353454589844 0.0016541481018066406 0.001470327377319336 0.0015854835510253906 0.0017189979553222656 0.0014348030090332031 0.0015935897827148438 0.001447439193725586 0.0014622211456298828 0.001550912857055664 0.0018625259399414062 0.0017647743225097656 0.0015027523040771484 0.0014240741729736328 0.0016515254974365234 0.0016536712646484375 0.0014042854309082031 0.0015902519226074219 0.0013577938079833984 0.0016472339630126953 0.0016775131225585938 0.0016167163848876953 0.0014770030975341797 0.0014984607696533203 0.0017359256744384766 0.009851455688476562 0.001577138900756836 0.0015156269073486328 0.0018012523651123047 0.0016369819641113281 0.0013933181762695312 0.0017199516296386719 0.001542806625366211 0.0015132427215576172 0.0014834403991699219 0.0013995170593261719 0.0012927055358886719 0.0016264915466308594 0.0015308856964111328 0.0014595985412597656 0.0013575553894042969 0.001821279525756836 0.0017750263214111328 0.0014879703521728516 0.0016186237335205078 0.0014619827270507812 0.0017762184143066406 0.0015566349029541016 0.001531839370727539 0.0018165111541748047 0.0017023086547851562 0.0015027523040771484 0.001397848129272461
Data Time Sum (seconds): 0.004652738571166992 0.005102634429931641 0.01328897476196289 0.004447460174560547 0.012829780578613281 0.004622459411621094 0.0050258636474609375 0.004840373992919922 0.004065513610839844 0.004667997360229492 0.004812717437744141 0.004835605621337891 0.004456281661987305 0.004942893981933594 0.004927873611450195 0.00506591796875 0.013154745101928711 0.0047419071197509766 0.005144357681274414 0.004721403121948242 0.0049591064453125 0.01579761505126953 0.004813432693481445 0.0048673152923583984 0.004750728607177734 0.00463557243347168 0.013036489486694336 0.004658222198486328 0.014226436614990234 0.0049932003021240234 0.0049283504486083984 0.004539966583251953 0.004953861236572266 0.004774808883666992 0.004475831985473633 0.004875659942626953 0.004691600799560547 0.004709482192993164 0.004595279693603516 0.004771232604980469 0.01308584213256836 0.0048940181732177734 0.004750251770019531 0.00453948974609375 0.004318714141845703 0.004348039627075195 0.00508427619934082 0.00485682487487793 0.004904985427856445 0.004602909088134766
Data Time Average (seconds): 0.0059957408905029295
Standard Deviation: 0.00310944950627988


as_file: 7018
Length of closure groups: 8 10 9 11 10 11 9 9 10 11 3 9 11 11 11 12 14 13 8 14 6 9 9 6 11 11 10 7 9 12 9 11 8 12 10 10 11 10 10 9 8 11 5 8 9 10 10 11 10 12 8 9 9 10 9 12 12 9 12 9 9 8 9 8 12 10 9 10 7 10 11 9 11 11 9 9 9 10 10 11 11 11 10 7 10 9 10 10 6 9 8 10 11 8 9 6 9 10 10 10 11 9 7 9 11 12 9 10 11 11 4 11 10 13 8 9 12 9 11 10 10 10 10 11 10 9 8 10 12 10 9 9 8 12 9 14 9 8 9 6 9 9 11 10 8 10 9 8 10 13
Number of closure groups: 3 3 3 3 3 3 3 3 3 3 3 3 3 3 3 3 3 3 3 3 3 3 3 3 3 3 3 3 3 3 3 3 3 3 3 3 3 3 3 3 3 3 3 3 3 3 3 3 3 3
Individual closure group timings: 0.0015337467193603516 0.0017213821411132812 0.0015988349914550781 0.0018696784973144531 0.0016944408416748047 0.0017473697662353516 0.0017523765563964844 0.0016582012176513672 0.0017657279968261719 0.0018115043640136719 0.0012505054473876953 0.0015993118286132812 0.0018231868743896484 0.0018455982208251953 0.00185394287109375 0.009917974472045898 0.011228799819946289 0.009992361068725586 0.0015115737915039062 0.011249542236328125 0.0013506412506103516 0.0017037391662597656 0.0015912055969238281 0.0013499259948730469 0.0019271373748779297 0.0017685890197753906 0.0017714500427246094 0.00152587890625 0.0015935897827148438 0.009870052337646484 0.0016472339630126953 0.0018203258514404297 0.0015537738800048828 0.009928226470947266 0.001789093017578125 0.0017473697662353516 0.0018339157104492188 0.0017290115356445312 0.0017197132110595703 0.0016906261444091797 0.0015838146209716797 0.0018429756164550781 0.0013375282287597656 0.0014336109161376953 0.0016548633575439453 0.0017287731170654297 0.0016727447509765625 0.0017468929290771484 0.0018150806427001953 0.009877204895019531 0.0015130043029785156 0.0017025470733642578 0.0016021728515625 0.0017688274383544922 0.0017120838165283203 0.009840250015258789 0.009437799453735352 0.0017075538635253906 0.009828567504882812 0.0015912055969238281 0.001703500747680664 0.001544952392578125 0.001682281494140625 0.0016772747039794922 0.009875059127807617 0.0017261505126953125 0.0016770362854003906 0.0016818046569824219 0.0013535022735595703 0.0018208026885986328 0.0018804073333740234 0.001562356948852539 0.0019218921661376953 0.0018584728240966797 0.0016374588012695312 0.0016248226165771484 0.001644134521484375 0.0017175674438476562 0.0017447471618652344 0.001798868179321289 0.0017786026000976562 0.0018243789672851562 0.0016961097717285156 0.0014219284057617188 0.0017850399017333984 0.0015954971313476562 0.0017104148864746094 0.0017998218536376953 0.0013778209686279297 0.0016255378723144531 0.0016329288482666016 0.0017774105072021484 0.001856088638305664 0.00160980224609375 0.00165557861328125 0.0014052391052246094 0.0017719268798828125 0.0017855167388916016 0.0016858577728271484 0.0017375946044921875 0.0017459392547607422 0.0015444755554199219 0.001466512680053711 0.0016181468963623047 0.0017788410186767578 0.009920835494995117 0.0016303062438964844 0.0017206668853759766 0.0018856525421142578 0.001847982406616211 0.0013184547424316406 0.0018782615661621094 0.0016455650329589844 0.010770559310913086 0.0016143321990966797 0.0016522407531738281 0.009881734848022461 0.0016295909881591797 0.0017328262329101562 0.00176239013671875 0.0017249584197998047 0.0017757415771484375 0.0017642974853515625 0.0018770694732666016 0.0017771720886230469 0.0016584396362304688 0.001489877700805664 0.0017671585083007812 0.009902000427246094 0.0017616748809814453 0.0015301704406738281 0.0016489028930664062 0.0014793872833251953 0.008867025375366211 0.0015132427215576172 0.011185884475708008 0.0015490055084228516 0.0014557838439941406 0.0015645027160644531 0.0014166831970214844 0.0016512870788574219 0.0017004013061523438 0.0018191337585449219 0.0017046928405761719 0.0015568733215332031 0.0017151832580566406 0.0016238689422607422 0.0016329288482666016 0.0016911029815673828 0.010658025741577148
Data Time Sum (seconds): 0.004853963851928711 0.005311489105224609 0.0051763057708740234 0.0046613216400146484 0.005522727966308594 0.031139135360717773 0.014111757278442383 0.004644870758056641 0.00546717643737793 0.012989521026611328 0.005021333694458008 0.013464689254760742 0.00528264045715332 0.0051174163818359375 0.004426002502441406 0.005148410797119141 0.013205289840698242 0.00507354736328125 0.02099013328552246 0.013127326965332031 0.004930734634399414 0.013278484344482422 0.004712343215942383 0.005263566970825195 0.005417823791503906 0.00498652458190918 0.00532221794128418 0.004942417144775391 0.005090951919555664 0.004803180694580078 0.005266427993774414 0.004670619964599609 0.0052433013916015625 0.0050280094146728516 0.0048635005950927734 0.013271808624267578 0.005052089691162109 0.01429438591003418 0.013148307800292969 0.005124807357788086 0.005264997482299805 0.005312681198120117 0.013159036636352539 0.00494074821472168 0.011859655380249023 0.014190673828125 0.004632472991943359 0.0052242279052734375 0.004895925521850586 0.013982057571411133
Data Time Average (seconds): 0.008058180809020996
Standard Deviation: 0.005280479229356631 