as_file: 4755
Length of closure groups: 12 6 14 12 6 24 17 20 5 12 11 6 5 18 21 6 6 6 8 4 5 24 4 12 15 14 6 13 5 20 16 17 4 17 21 6 7 5 20 7 11 22 18 4 7 5 7 4 5 18 15 6 13 6 5 11 10 4 14 6 6 4 6 5 6 5 7 2 6 19 4 6 4 14 4 17 10 6 10 8 6 12 4 13 14 6 23 13 3 14
Number of closure groups: 2 1 2 1 1 1 2 2 2 1 3 3 1 2 1 2 2 1 1 1 2 1 3 1 2 1 1 3 3 1 2 2 2 2 2 3 3 3 1 3 2 1 2 2 2 2 2 1 2 1
Data Time Sum (seconds): 0.010244131088256836 0.011141300201416016 0.010970354080200195 0.019527435302734375 0.012953042984008789 0.016370058059692383 0.009718179702758789 0.003227710723876953 0.01614856719970703 0.017241716384887695 0.004143714904785156 0.004030466079711914 0.01972341537475586 0.009523868560791016 0.010412216186523438 0.01182699203491211 0.011701107025146484 0.01645183563232422 0.012995481491088867 0.013349771499633789 0.01511240005493164 0.016319751739501953 0.003723621368408203 0.015359878540039062 0.002992391586303711 0.01670384407043457 0.012799739837646484 0.004004955291748047 0.003979206085205078 0.014568805694580078 0.012742280960083008 0.01108407974243164 0.003095865249633789 0.0029981136322021484 0.012659788131713867 0.003886699676513672 0.0037479400634765625 0.003937959671020508 0.015093564987182617 0.003956794738769531 0.012203454971313477 0.013697147369384766 0.0030527114868164062 0.0031714439392089844 0.010959625244140625 0.011398553848266602 0.01227569580078125 0.018094539642333984 0.010236740112304688 0.009762287139892578
Data Time Average (seconds): 0.010506424903869629
Standard Deviation: 0.005105015151683919

as_file: 3356
Length of closure groups: 8 6 7 6 7 8 8 4 5 5 6 7 5 4 6 8 5 6 6 6 4 6 4 4 6 6 5 7 5 4 9 7 7 6 5 9 7 7 7 8 7 7 7 7 9 8 6 8 7 8 8 8 6 5 13 7 15 7 15 6 8 8 8 7 13 6 17 14 6 4 4 9 9 8 7 7 6 8 7 6 7 14 8 7 6 6 7 7 8 8 13 5 8 8 8 5 7 5 8 8 8 8 6 7 6 7 7 7 9 6 7 8 5 5 6 7 7 7 7 5 9 7 6 5 6 6 8 8 7 8 8 9 8 6 8 7 9 6 7 6 12
Number of closure groups: 3 3 3 3 3 3 3 3 3 3 3 3 3 3 3 3 3 3 2 2 2 3 2 2 2 3 3 3 3 2 3 3 2 3 3 3 3 3 3 3 3 3 3 3 3 3 3 3 3 2
Data Time Sum (seconds): 0.0044057369232177734 0.0045013427734375 0.004265546798706055 0.0042572021484375 0.003952741622924805 0.0041353702545166016 0.003946781158447266 0.0038826465606689453 0.004235506057739258 0.004036426544189453 0.004609584808349609 0.004301548004150391 0.004423618316650391 0.004565000534057617 0.00451207160949707 0.004405021667480469 0.004596710205078125 0.004311084747314453 0.011938333511352539 0.013128042221069336 0.013670206069946289 0.004431009292602539 0.011916637420654297 0.015344858169555664 0.012248992919921875 0.004254817962646484 0.004706382751464844 0.0044558048248291016 0.0042934417724609375 0.012847661972045898 0.004323720932006836 0.004493236541748047 0.011596202850341797 0.004297733306884766 0.004348278045654297 0.004511356353759766 0.004449605941772461 0.004184246063232422 0.0046329498291015625 0.004495143890380859 0.004136323928833008 0.004498958587646484 0.0044825077056884766 0.0042536258697509766 0.004424333572387695 0.00462651252746582 0.004827976226806641 0.004497528076171875 0.00431513786315918 0.010981321334838867
Data Time Average (seconds): 0.0058591365814208984
Standard Deviation: 0.0032204978422259887

as_file: 7018
Length of closure groups: 18 12 9 10 10 8 11 6 11 6 10 8 10 9 8 10 10 6 10 10 12 13 9 10 11 9 10 10 11 10 11 13 10 9 11 11 12 9 8 10 13 9 11 11 10 10 8 11 12 6 9 11 10 11 7 9 12 6 10 10 12 11 6 9 7 8 12 10 8 9 11 11 9 10 8 10 12 9 10 10 9 9 9 8 8 9 11 10 11 6 22 12 11 9 11 19 12 11 12 10 9 9 9 8 10 11 8 11 12 10 25 8 11 11 10 8 9 8 10 9 12 10 8 8 7 12 7 8 10 11 22 12 9 8 8 22 11 9 11 8 11 9 13
Number of closure groups: 2 3 3 3 3 3 3 3 3 3 3 3 3 3 3 3 3 3 3 3 3 3 3 3 3 3 3 3 3 3 2 3 2 3 3 3 2 3 2 3 3 3 3 3 3 2 3 2 3 3
Data Time Sum (seconds): 0.024733543395996094 0.00507807731628418 0.004570960998535156 0.0050814151763916016 0.005033731460571289 0.005166769027709961 0.0049059391021728516 0.017861604690551758 0.005301952362060547 0.0052661895751953125 0.014323234558105469 0.005136966705322266 0.012884855270385742 0.013623476028442383 0.0052950382232666016 0.005114316940307617 0.013034343719482422 0.005342245101928711 0.004849672317504883 0.012602090835571289 0.01345062255859375 0.0044248104095458984 0.013226032257080078 0.005086660385131836 0.0052564144134521484 0.012790918350219727 0.005129337310791016 0.004581451416015625 0.004780769348144531 0.0055408477783203125 0.019747495651245117 0.013278961181640625 0.01712632179260254 0.021688222885131836 0.004849910736083984 0.004982709884643555 0.0033426284790039062 0.013169527053833008 0.022376298904418945 0.005459785461425781 0.004675388336181641 0.012848854064941406 0.0048906803131103516 0.012387275695800781 0.00504302978515625 0.02638411521911621 0.004761219024658203 0.020262718200683594 0.004982709884643555 0.01380014419555664
Data Time Average (seconds): 0.00971064567565918
Standard Deviation: 0.006260598137108393

as_file: 2914
Length of closure groups: 9 9 20 8 8 12 8 11 9 8 27 9 4 8 26 6 9 8 8 6 12 8 6 9 13 15 10 11 5 8 8 5 7 9 8 16 5 10 7 10 16 9 6 9 7 9 10 10 12 9 7 9 7 8 10 8 6 9 9 8 9 5 10 10 8 10 9 10 9 8 20 8 7 8 9 8 7 8 9 12 9 6 9 6 21 11 7 8 7 20 7 8 7 18 11 8 9 4 23 9 9 10 7 20 9 9 16 10 6 8 9 7 8 8 8 8 10 8 5 6 9 7 9 19 7 7 8 11 9 7
Number of closure groups: 2 2 3 3 1 3 1 3 3 3 2 3 3 3 2 3 2 2 3 3 3 2 3 3 3 2 3 2 3 3 3 3 2 3 2 3 2 3 2 3 2 2 3 3 3 3 3 2 3 3
Data Time Sum (seconds): 0.0033125877380371094 0.018350839614868164 0.013005733489990234 0.004889011383056641 0.02313089370727539 0.0044438838958740234 0.021770238876342773 0.004636287689208984 0.0124053955078125 0.004480600357055664 0.02258896827697754 0.004972934722900391 0.004343509674072266 0.0047609806060791016 0.014534711837768555 0.004936933517456055 0.014872312545776367 0.0031137466430664062 0.004904508590698242 0.013307332992553711 0.004460573196411133 0.003204345703125 0.004669189453125 0.004903078079223633 0.004807949066162109 0.003320932388305664 0.005000114440917969 0.017748594284057617 0.004567146301269531 0.004595279693603516 0.012731075286865234 0.004639387130737305 0.018770933151245117 0.004739284515380859 0.017537355422973633 0.004314899444580078 0.016333341598510742 0.004461050033569336 0.020107269287109375 0.0047914981842041016 0.017514944076538086 0.01330113410949707 0.004629373550415039 0.004379987716674805 0.004404306411743164 0.004570722579956055 0.0036749839782714844 0.016944169998168945 0.0038385391235351562 0.0049855709075927734
Data Time Average (seconds): 0.008934168815612794
Standard Deviation: 0.006346099687828604
