as_file: 4755
Length of closure groups: 16 6 5 6 12 5 16 5 2 7 14 5 13 6 6 5 4 21 16 7 11 20 19 14 5 13 6 22 23 20 21 12 5 25 10 8 4 12 6 12 5 4 6 13 6 12 5 16 20 22 10 5 11 6 22 10 6 18 6 5 8 20 16 6 15 2 19 13 3 21 13 4 21 5 13 11 7 5 5 4 19 4 11 19
Number of closure groups: 1 3 2 1 3 2 2 3 1 1 2 1 1 2 2 1 1 1 1 2 1 2 2 2 3 2 2 1 1 1 2 2 1 2 1 3 1 2 2 1 2 1 2 1 2 2 3 1 2 1
Individual closure group timings: 0.012947797775268555 0.0013921260833740234 0.001310110092163086 0.0012657642364501953 0.009283781051635742 0.0013141632080078125 0.012500762939453125 0.0012962818145751953 0.00124359130859375 0.0013229846954345703 0.011329412460327148 0.001276254653930664 0.010516643524169922 0.0013439655303955078 0.0014085769653320312 0.0013644695281982422 0.0012347698211669922 0.01716899871826172 0.011640310287475586 0.0013668537139892578 0.001653432846069336 0.01634359359741211 0.014144659042358398 0.010238409042358398 0.0012335777282714844 0.01050567626953125 0.0013506412506103516 0.01571512222290039 0.016416072845458984 0.016507863998413086 0.016827106475830078 0.008565425872802734 0.0011234283447265625 0.020520687103271484 0.0016772747039794922 0.0014529228210449219 0.0013072490692138672 0.009694337844848633 0.0013537406921386719 0.009519577026367188 0.001241922378540039 0.0011878013610839844 0.0013263225555419922 0.010483503341674805 0.0013735294342041016 0.009187459945678711 0.0012111663818359375 0.012638092041015625 0.015528440475463867 0.017702579498291016 0.0017235279083251953 0.0013051033020019531 0.001840353012084961 0.0013740062713623047 0.018108844757080078 0.0017795562744140625 0.0013735294342041016 0.014554500579833984 0.0014379024505615234 0.0013010501861572266 0.0015299320220947266 0.016353130340576172 0.013059139251708984 0.0013434886932373047 0.012186765670776367 0.0011889934539794922 0.015547037124633789 0.009409904479980469 0.0011959075927734375 0.017224788665771484 0.010467052459716797 0.0012698173522949219 0.017195940017700195 0.0012955665588378906 0.010396957397460938 0.001722097396850586 0.0013318061828613281 0.001287698745727539 0.0012524127960205078 0.001230001449584961 0.015647172927856445 0.001336812973022461 0.001783132553100586 0.015398979187011719
Data Time Sum (seconds): 0.012947797775268555 0.003968000411987305 0.010597944259643555 0.012500762939453125 0.0038628578186035156 0.012605667114257812 0.01186060905456543 0.004007816314697266 0.01716899871826172 0.011640310287475586 0.0030202865600585938 0.01634359359741211 0.014144659042358398 0.011471986770629883 0.011856317520141602 0.01571512222290039 0.016416072845458984 0.016507863998413086 0.016827106475830078 0.009688854217529297 0.020520687103271484 0.003130197525024414 0.0110015869140625 0.01087331771850586 0.0037560462951660156 0.011857032775878906 0.010398626327514648 0.012638092041015625 0.015528440475463867 0.017702579498291016 0.0030286312103271484 0.0032143592834472656 0.018108844757080078 0.003153085708618164 0.014554500579833984 0.0042688846588134766 0.016353130340576172 0.014402627944946289 0.01337575912475586 0.015547037124633789 0.010605812072753906 0.017224788665771484 0.011736869812011719 0.017195940017700195 0.011692523956298828 0.003053903579711914 0.003770112991333008 0.015647172927856445 0.003119945526123047 0.015398979187011719
Data Time Average (seconds): 0.011320242881774903
Standard Deviation: 0.005185767572656459

as_file: 3356
Length of closure groups: 6 8 7 6 8 6 9 9 5 6 8 5 7 8 8 5 5 6 7 7 4 5 6 7 7 7 3 4 6 6 6 8 9 5 7 7 8 7 6 6 5 3 6 7 8 3 8 8 6 8 3 6 7 9 9 7 7 8 8 4 8 8 8 10 6 8 6 5 9 7 8 7 6 6 7 9 6 6 5 9 7 8 6 5 17 6 9 7 7 6 6 8 6 9 7 7 7 6 7 16 7 7 9 7 6 8 7 8 8 6 6 8 7 6 8 7 8 5 5 6 7 7 8 8 7 8 10 7 7 8 7 8 6 6 5 6 8 10 7 8 7 6 8 9 5 5 6 8
Number of closure groups: 3 3 3 3 3 3 3 3 3 3 3 3 3 3 3 3 3 3 3 3 3 3 3 3 3 3 3 3 2 3 3 3 3 2 3 3 3 3 3 3 3 3 3 3 3 3 3 3 3 3
Individual closure group timings: 0.0014345645904541016 0.0015358924865722656 0.0014622211456298828 0.0014386177062988281 0.0015454292297363281 0.0014023780822753906 0.0016660690307617188 0.0016376972198486328 0.0013427734375 0.0014410018920898438 0.0015451908111572266 0.0013530254364013672 0.0014429092407226562 0.0014989376068115234 0.0015311241149902344 0.0013816356658935547 0.0013723373413085938 0.0014157295227050781 0.0015175342559814453 0.0014269351959228516 0.0012557506561279297 0.0014052391052246094 0.0014257431030273438 0.001493215560913086 0.0015304088592529297 0.0014638900756835938 0.0012791156768798828 0.0013346672058105469 0.0013971328735351562 0.0013930797576904297 0.001367330551147461 0.001466989517211914 0.0015180110931396484 0.001361846923828125 0.001451253890991211 0.001417398452758789 0.0015056133270263672 0.0014121532440185547 0.0013399124145507812 0.0014281272888183594 0.0013234615325927734 0.0012488365173339844 0.0014100074768066406 0.0014224052429199219 0.0015256404876708984 0.001313924789428711 0.0015528202056884766 0.00154876708984375 0.0014538764953613281 0.001567840576171875 0.0009887218475341797 0.0014324188232421875 0.0014653205871582031 0.001669168472290039 0.0016622543334960938 0.001375436782836914 0.0013959407806396484 0.001588582992553711 0.0015544891357421875 0.0013017654418945312 0.0015330314636230469 0.0015027523040771484 0.0014386177062988281 0.0017974376678466797 0.0014429092407226562 0.0015447139739990234 0.0014617443084716797 0.0013689994812011719 0.0016467571258544922 0.001607656478881836 0.0015134811401367188 0.0014219284057617188 0.001474142074584961 0.0014362335205078125 0.0014815330505371094 0.0017104148864746094 0.0013282299041748047 0.0013017654418945312 0.0013887882232666016 0.0016131401062011719 0.0014624595642089844 0.0016231536865234375 0.0014004707336425781 0.0012938976287841797 0.014055013656616211 0.0013096332550048828 0.0016295909881591797 0.0014781951904296875 0.0014579296112060547 0.001447439193725586 0.0013644695281982422 0.0015511512756347656 0.0013821125030517578 0.0016012191772460938 0.0013740062713623047 0.0015196800231933594 0.0014941692352294922 0.0014121532440185547 0.001444101333618164 0.013042449951171875 0.0014677047729492188 0.0014424324035644531 0.0016326904296875 0.001463174819946289 0.0013785362243652344 0.0014939308166503906 0.0015082359313964844 0.0015451908111572266 0.0015380382537841797 0.0014231204986572266 0.0014233589172363281 0.0015628337860107422 0.0015187263488769531 0.0014333724975585938 0.0014791488647460938 0.0014400482177734375 0.0014905929565429688 0.0012776851654052734 0.001234292984008789 0.001344919204711914 0.0014622211456298828 0.0014896392822265625 0.0015323162078857422 0.0014710426330566406 0.0015146732330322266 0.0015723705291748047 0.0017855167388916016 0.0014514923095703125 0.0014231204986572266 0.0015196800231933594 0.0014846324920654297 0.0014879703521728516 0.0013468265533447266 0.001445770263671875 0.0013484954833984375 0.001401662826538086 0.0015761852264404297 0.0017902851104736328 0.0014472007751464844 0.001592874526977539 0.0013937950134277344 0.0013387203216552734 0.0015759468078613281 0.0015728473663330078 0.0012974739074707031 0.0013704299926757812 0.0014183521270751953 0.0015079975128173828
Data Time Sum (seconds): 0.00443267822265625 0.004386425018310547 0.0046465396881103516 0.0043392181396484375 0.004472970962524414 0.0041697025299072266 0.0042002201080322266 0.004324197769165039 0.004273414611816406 0.004124879837036133 0.0043523311614990234 0.004230499267578125 0.004257678985595703 0.004000425338745117 0.004358053207397461 0.0044155120849609375 0.004010438919067383 0.00456690788269043 0.004433631896972656 0.00444483757019043 0.0044744014739990234 0.004785060882568359 0.004477500915527344 0.0045430660247802734 0.004391908645629883 0.004340410232543945 0.004464387893676758 0.004317522048950195 0.015364646911621094 0.004565715789794922 0.004363059997558594 0.004357337951660156 0.004426002502441406 0.014486551284790039 0.004542827606201172 0.004335641860961914 0.004591464996337891 0.004409313201904297 0.004431247711181641 0.00420832633972168 0.004041433334350586 0.004492998123168945 0.004872560501098633 0.0043942928314208984 0.004319429397583008 0.0041959285736083984 0.004813671112060547 0.004325389862060547 0.004446268081665039 0.004296779632568359
Data Time Average (seconds): 0.0048103141784667965
Standard Deviation: 0.0020742449704724436

as_file: 7018
Length of closure groups: 29 11 9 8 9 11 11 11 10 11 11 10 13 8 9 9 18 8 12 10 7 10 11 7 11 20 10 9 9 9 10 10 10 9 8 9 11 10 9 9 8 18 9 19 12 7 9 10 7 8 9 18 12 19 7 10 8 12 12 9 11 11 9 10 9 12 13 8 9 9 8 11 9 9 9 32 8 8 11 10 12 12 10 9 12 10 9 9 11 9 9 10 11 10 11 10 8 11 9 9 10 11 9 16 12 11 4 9 9 9 12 9 8 9 24 11 19 9 8 10 9 9 13 7 8 11 10 9 9 8 12 9 9 18 9
Number of closure groups: 1 3 3 3 3 3 2 3 3 2 3 3 3 3 3 2 2 3 3 2 2 3 2 3 3 3 3 3 1 3 3 3 3 3 3 3 3 3 2 3 3 3 2 2 3 3 3 3 3 2
Individual closure group timings: 0.02451157569885254 0.001863718032836914 0.0015959739685058594 0.0014958381652832031 0.0016787052154541016 0.001847982406616211 0.001844644546508789 0.001806020736694336 0.0017724037170410156 0.0018515586853027344 0.001859903335571289 0.0017061233520507812 0.010383367538452148 0.001596689224243164 0.0015659332275390625 0.0016715526580810547 0.014956235885620117 0.0014388561248779297 0.009923696517944336 0.0016367435455322266 0.0013751983642578125 0.00174713134765625 0.0018606185913085938 0.0014691352844238281 0.001954793930053711 0.015913009643554688 0.0018384456634521484 0.0015981197357177734 0.0015900135040283203 0.001692056655883789 0.001781463623046875 0.0017545223236083984 0.0018489360809326172 0.0016484260559082031 0.0015783309936523438 0.0012881755828857422 0.001520395278930664 0.0013828277587890625 0.0017001628875732422 0.0016160011291503906 0.0014815330505371094 0.014879703521728516 0.0015635490417480469 0.015135765075683594 0.008594036102294922 0.0015094280242919922 0.0015909671783447266 0.0016994476318359375 0.00150299072265625 0.0015799999237060547 0.00164031982421875 0.015014171600341797 0.009525775909423828 0.01590895652770996 0.0013844966888427734 0.0018622875213623047 0.0015690326690673828 0.009874343872070312 0.009859800338745117 0.0015850067138671875 0.0019390583038330078 0.0018634796142578125 0.001617431640625 0.0017960071563720703 0.0015921592712402344 0.009501218795776367 0.01046299934387207 0.001436471939086914 0.0015437602996826172 0.0017271041870117188 0.0015230178833007812 0.0018279552459716797 0.0017023086547851562 0.0016317367553710938 0.001634359359741211 0.026901960372924805 0.001584768295288086 0.0015444755554199219 0.0018246173858642578 0.0017282962799072266 0.009576797485351562 0.009485483169555664 0.0018467903137207031 0.0015807151794433594 0.009517669677734375 0.0018222332000732422 0.0015549659729003906 0.0016415119171142578 0.0019032955169677734 0.0016834735870361328 0.0016131401062011719 0.0018372535705566406 0.001783132553100586 0.001766204833984375 0.0018906593322753906 0.0017228126525878906 0.0014717578887939453 0.0018756389617919922 0.0015561580657958984 0.0016493797302246094 0.001806497573852539 0.0017547607421875 0.0016012191772460938 0.012993097305297852 0.009176492691040039 0.0018477439880371094 0.00127410888671875 0.0016570091247558594 0.0017001628875732422 0.0016314983367919922 0.009519815444946289 0.0016484260559082031 0.0015878677368164062 0.0016369819641113281 0.019341707229614258 0.0015785694122314453 0.015789508819580078 0.0015044212341308594 0.0015981197357177734 0.0017788410186767578 0.0016596317291259766 0.0015406608581542969 0.009366273880004883 0.00133514404296875 0.001611471176147461 0.0018231868743896484 0.0016658306121826172 0.00170135498046875 0.0016202926635742188 0.001476287841796875 0.009593486785888672 0.0015649795532226562 0.0015671253204345703 0.014400243759155273 0.0015263557434082031
Data Time Sum (seconds): 0.02451157569885254 0.0049555301666259766 0.0053713321685791016 0.005429983139038086 0.013949394226074219 0.004834175109863281 0.016395092010498047 0.012935638427734375 0.005076885223388672 0.0178678035736084 0.005026578903198242 0.0052280426025390625 0.005075693130493164 0.004191398620605469 0.004797697067260742 0.016443252563476562 0.023729801177978516 0.004799842834472656 0.004723310470581055 0.024539947509765625 0.017293453216552734 0.0133056640625 0.011444807052612305 0.00541996955871582 0.012889385223388672 0.013443231582641602 0.00507807731628418 0.004968404769897461 0.026901960372924805 0.004953861236572266 0.020790576934814453 0.012945175170898438 0.005018711090087891 0.005199909210205078 0.0053865909576416016 0.0050852298736572266 0.0050811767578125 0.005162477493286133 0.02216958999633789 0.004778861999511719 0.012851476669311523 0.0048732757568359375 0.020920276641845703 0.017293930053710938 0.005036592483520508 0.01224207878112793 0.0051004886627197266 0.004797935485839844 0.012725591659545898 0.015926599502563477
Data Time Average (seconds): 0.010579366683959961
Standard Deviation: 0.006794050247599002

as_file: 2914
Length of closure groups: 9 15 9 11 9 11 9 9 11 8 9 7 8 6 8 4 9 9 7 8 11 9 7 9 8 7 9 8 7 8 7 6 17 9 10 9 11 7 8 7 7 6 8 12 8 4 7 8 8 7 9 8 9 8 7 8 9 8 11 8 9 10 7 7 13 11 7 7 9 5 11 10 13 8 8 11 10 7 9 9 9 8 8 8 9 7 9 8 6 9 9 11 6 9 11 9 16 8 7 10 8 8 7 9 7 11 8 7 10 9 8 6 5 9 7 11 8 5 4 9 9 9 10 9 6 10 9 19 8 15 9 7 11 10 9 10 9 18 9 11 10 7
Number of closure groups: 2 3 3 3 3 3 3 3 3 3 3 2 3 3 3 3 3 3 3 3 2 3 3 3 3 3 3 3 3 3 3 3 3 2 3 3 3 3 3 3 3 3 2 3 2 2 3 3 2 3
Individual closure group timings: 0.0016126632690429688 0.012265443801879883 0.0016891956329345703 0.0018668174743652344 0.0016717910766601562 0.001794576644897461 0.0016438961029052734 0.0016434192657470703 0.0018362998962402344 0.001506805419921875 0.0015552043914794922 0.0015025138854980469 0.0015447139739990234 0.001379251480102539 0.0015730857849121094 0.001203775405883789 0.0015804767608642578 0.0017006397247314453 0.0014984607696533203 0.0012180805206298828 0.0018439292907714844 0.0016179084777832031 0.0014362335205078125 0.0016794204711914062 0.001550436019897461 0.00147247314453125 0.0016865730285644531 0.0015482902526855469 0.0014495849609375 0.0016412734985351562 0.0014927387237548828 0.0013267993927001953 0.014054536819458008 0.00165557861328125 0.0017464160919189453 0.0016353130340576172 0.0018310546875 0.0015397071838378906 0.0015523433685302734 0.0014109611511230469 0.0015001296997070312 0.001407623291015625 0.0015468597412109375 0.009855270385742188 0.0015037059783935547 0.001135110855102539 0.0015442371368408203 0.0015184879302978516 0.0015189647674560547 0.0014553070068359375 0.0015549659729003906 0.0014259815216064453 0.0014421939849853516 0.001260995864868164 0.0012667179107666016 0.0016202926635742188 0.0016148090362548828 0.0015151500701904297 0.0018739700317382812 0.0015265941619873047 0.00167083740234375 0.0016770362854003906 0.0014407634735107422 0.0015666484832763672 0.010349035263061523 0.0017354488372802734 0.0015137195587158203 0.0014955997467041016 0.0016248226165771484 0.001373291015625 0.001842498779296875 0.0017900466918945312 0.010393142700195312 0.0014874935150146484 0.0014276504516601562 0.0018126964569091797 0.001741170883178711 0.001413106918334961 0.0016930103302001953 0.0016164779663085938 0.0016133785247802734 0.00148773193359375 0.0015690326690673828 0.0015716552734375 0.001608133316040039 0.001344919204711914 0.0015463829040527344 0.001567840576171875 0.0013968944549560547 0.0016720294952392578 0.00157928466796875 0.0018444061279296875 0.0014023780822753906 0.0016055107116699219 0.0017819404602050781 0.0015835762023925781 0.013274908065795898 0.0015361309051513672 0.001489400863647461 0.0017406940460205078 0.00148773193359375 0.0016412734985351562 0.0014455318450927734 0.0016515254974365234 0.0015184879302978516 0.001834869384765625 0.0015463829040527344 0.0014901161193847656 0.0017809867858886719 0.0016436576843261719 0.0014624595642089844 0.0014140605926513672 0.0013775825500488281 0.0016627311706542969 0.001402139663696289 0.0018036365509033203 0.001514434814453125 0.0013103485107421875 0.0012865066528320312 0.0017197132110595703 0.001554727554321289 0.001547098159790039 0.0017809867858886719 0.0015859603881835938 0.00141143798828125 0.0017354488372802734 0.001630544662475586 0.015146732330322266 0.0013990402221679688 0.01233363151550293 0.0014858245849609375 0.0015075206756591797 0.0018448829650878906 0.0016524791717529297 0.0016133785247802734 0.0016994476318359375 0.0015912055969238281 0.014501094818115234 0.0014758110046386719 0.0018606185913085938 0.0018002986907958984 0.001474142074584961
Data Time Sum (seconds): 0.013878107070922852 0.005227804183959961 0.005081892013549805 0.0048983097076416016 0.004426479339599609 0.004357337951660156 0.0044171810150146484 0.0048980712890625 0.004702329635620117 0.0046844482421875 0.004460811614990234 0.015710115432739258 0.0052127838134765625 0.004503011703491211 0.004454612731933594 0.012494087219238281 0.0045816898345947266 0.0044362545013427734 0.003969907760620117 0.004750251770019531 0.003400564193725586 0.004788637161254883 0.013651132583618164 0.00463414192199707 0.005005836486816406 0.013308286666870117 0.0049669742584228516 0.0049228668212890625 0.004628419876098633 0.0044994354248046875 0.0046367645263671875 0.004826068878173828 0.004971027374267578 0.014811038970947266 0.004717826843261719 0.004738330841064453 0.004899740219116211 0.004914760589599609 0.00425410270690918 0.004868507385253906 0.004111289978027344 0.0048215389251708984 0.0033669471740722656 0.004777431488037109 0.016545772552490234 0.013819456100463867 0.0050048828125 0.004904031753540039 0.015976905822753906 0.005135059356689453
Data Time Average (seconds): 0.0064210653305053714
Standard Deviation: 0.0038258844549323664

