0.0
0.0
0.0
0.0
0.0
0.0
0.0
0.0
0.0
0.0
20.0
0.0
20.0
0.0
0.0
40.0
0.0
0.0
40.0
0.0
66.66666666666667
33.333333333333336
0.0
16.666666666666668
33.333333333333336
16.666666666666668
0.0
50.0
33.333333333333336
0.0
0.0
15.384615384615385
53.84615384615385
53.84615384615385
53.84615384615385
23.076923076923077
53.84615384615385
7.6923076923076925
0.0
7.6923076923076925
18.75
31.25
43.75
25.0
12.5
31.25
37.5
43.75
50.0
50.0
26.666666666666668
20.0
73.33333333333333
20.0
46.666666666666664
13.333333333333334
20.0
53.333333333333336
20.0
20.0
0.0
0.0
0.0
40.0
0.0
40.0
0.0
20.0
40.0
20.0
0.0
0.0
0.0
0.0
0.0
0.0
0.0
0.0
0.0
0.0
25.0
25.0
50.0
25.0
25.0
25.0
25.0
0.0
50.0
50.0
0.0
0.0
0.0
0.0
0.0
0.0
0.0
0.0
0.0
0.0
33.333333333333336
0.0
0.0
33.333333333333336
0.0
0.0
0.0
33.333333333333336
33.333333333333336
33.333333333333336
16.666666666666668
16.666666666666668
33.333333333333336
33.333333333333336
0.0
16.666666666666668
16.666666666666668
0.0
0.0
0.0
50.0
33.333333333333336
33.333333333333336
16.666666666666668
16.666666666666668
16.666666666666668
66.66666666666667
50.0
33.333333333333336
16.666666666666668
16.666666666666668
16.666666666666668
33.333333333333336
33.333333333333336
0.0
0.0
33.333333333333336
0.0
50.0
50.0
18.75
18.75
37.5
31.25
50.0
50.0
37.5
31.25
50.0
25.0
11.11111111111111
11.11111111111111
0.0
33.333333333333336
44.44444444444444
44.44444444444444
33.333333333333336
22.22222222222222
33.333333333333336
33.333333333333336
41.666666666666664
41.666666666666664
58.333333333333336
16.666666666666668
50.0
50.0
50.0
58.333333333333336
25.0
66.66666666666667
59.25925925925926
51.851851851851855
33.333333333333336
74.07407407407408
51.851851851851855
51.851851851851855
55.55555555555556
70.37037037037037
33.333333333333336
22.22222222222222
0.0
0.0
0.0
0.0
0.0
0.0
0.0
0.0
0.0
0.0
25.0
50.0
25.0
25.0
0.0
25.0
0.0
25.0
50.0
50.0
0.0
0.0
0.0
0.0
0.0
0.0
0.0
0.0
0.0
0.0
0.0
0.0
33.333333333333336
0.0
0.0
33.333333333333336
33.333333333333336
33.333333333333336
0.0
0.0
0.0
0.0
0.0
16.666666666666668
16.666666666666668
0.0
0.0
33.333333333333336
16.666666666666668
16.666666666666668
0.0
0.0
33.333333333333336
33.333333333333336
33.333333333333336
0.0
0.0
33.333333333333336
0.0
33.333333333333336
25.0
41.666666666666664
58.333333333333336
58.333333333333336
41.666666666666664
33.333333333333336
33.333333333333336
41.666666666666664
75.0
33.333333333333336
42.857142857142854
21.428571428571427
50.0
35.714285714285715
57.142857142857146
57.142857142857146
71.42857142857143
50.0
42.857142857142854
64.28571428571429
33.333333333333336
0.0
33.333333333333336
33.333333333333336
0.0
0.0
33.333333333333336
0.0
0.0
33.333333333333336
50.0
50.0
50.0
0.0
50.0
50.0
66.66666666666667
50.0
16.666666666666668
16.666666666666668
41.666666666666664
25.0
41.666666666666664
33.333333333333336
16.666666666666668
16.666666666666668
25.0
25.0
16.666666666666668
8.333333333333334
