0.0
0.0
0.0
0.0
0.0
0.0
0.0
0.0
0.0
0.0
14.285714285714286
0.0
0.0
0.0
0.0
14.285714285714286
0.0
0.0
14.285714285714286
0.0
40.0
0.0
0.0
0.0
20.0
0.0
0.0
20.0
20.0
0.0
0.0
0.0
44.44444444444444
11.11111111111111
33.333333333333336
0.0
22.22222222222222
11.11111111111111
0.0
11.11111111111111
0.0
10.0
20.0
0.0
0.0
20.0
20.0
10.0
10.0
10.0
18.181818181818183
9.090909090909092
36.36363636363637
18.181818181818183
18.181818181818183
0.0
9.090909090909092
27.272727272727273
9.090909090909092
0.0
0.0
0.0
0.0
25.0
0.0
25.0
0.0
12.5
25.0
12.5
0.0
0.0
0.0
0.0
0.0
0.0
0.0
0.0
0.0
0.0
14.285714285714286
14.285714285714286
42.857142857142854
14.285714285714286
14.285714285714286
14.285714285714286
14.285714285714286
0.0
28.571428571428573
42.857142857142854
0.0
0.0
0.0
0.0
0.0
0.0
0.0
0.0
0.0
0.0
25.0
0.0
0.0
25.0
0.0
0.0
0.0
25.0
25.0
25.0
12.5
12.5
12.5
12.5
0.0
12.5
0.0
0.0
0.0
0.0
37.5
25.0
25.0
12.5
12.5
12.5
50.0
37.5
25.0
12.5
12.5
12.5
12.5
12.5
0.0
0.0
25.0
0.0
25.0
25.0
0.0
9.090909090909092
18.181818181818183
9.090909090909092
27.272727272727273
18.181818181818183
9.090909090909092
9.090909090909092
27.272727272727273
9.090909090909092
11.11111111111111
11.11111111111111
0.0
22.22222222222222
22.22222222222222
22.22222222222222
11.11111111111111
11.11111111111111
11.11111111111111
33.333333333333336
12.5
25.0
37.5
12.5
12.5
25.0
12.5
0.0
12.5
25.0
30.0
10.0
10.0
40.0
10.0
40.0
20.0
30.0
0.0
10.0
0.0
0.0
0.0
0.0
0.0
0.0
0.0
0.0
0.0
0.0
14.285714285714286
42.857142857142854
14.285714285714286
14.285714285714286
0.0
14.285714285714286
0.0
14.285714285714286
28.571428571428573
28.571428571428573
0.0
0.0
0.0
0.0
0.0
0.0
0.0
0.0
0.0
0.0
0.0
0.0
25.0
0.0
0.0
25.0
25.0
25.0
0.0
0.0
0.0
0.0
0.0
12.5
0.0
0.0
0.0
25.0
12.5
12.5
0.0
0.0
25.0
25.0
25.0
0.0
0.0
25.0
0.0
25.0
12.5
25.0
37.5
25.0
25.0
12.5
25.0
25.0
50.0
12.5
22.22222222222222
11.11111111111111
33.333333333333336
11.11111111111111
22.22222222222222
33.333333333333336
44.44444444444444
0.0
33.333333333333336
22.22222222222222
25.0
0.0
25.0
25.0
0.0
0.0
25.0
0.0
0.0
25.0
20.0
20.0
20.0
0.0
20.0
20.0
40.0
20.0
0.0
0.0
25.0
0.0
12.5
12.5
12.5
0.0
0.0
12.5
12.5
0.0
