(6461,6467,2914)|2|2|0.0|14|14|0.0|2|2|1|1|4|4|0.0|6|6|0.0|0.08648800849914551|0.08885884284973145|0|0.17534685134887695
(6461,6467,2914)|2|2|0.0|14|14|0.0|2|2|1|1|4|4|0.0|6|6|0.0|0.05893731117248535|0.061691999435424805|0|0.12062931060791016
(6461,6467,2914)|2|2|0.0|14|14|0.0|2|2|1|1|4|4|0.0|6|6|0.0|0.06204342842102051|0.08264732360839844|0|0.14469075202941895
(6461,6467,2914)|2|2|0.0|14|14|0.0|2|2|1|1|4|4|0.0|6|6|0.0|0.060411930084228516|0.12682056427001953|0|0.18723249435424805
(6461,6467,2914)|2|2|0.0|14|14|0.0|2|2|1|1|4|4|0.0|6|6|0.0|0.07661294937133789|0.061353445053100586|0|0.13796639442443848
(6461,6467,2914)|2|2|0.0|14|14|0.0|2|2|1|1|4|4|0.0|6|6|0.0|0.06076860427856445|0.04379892349243164|0|0.1045675277709961
(6461,6467,2914)|2|2|0.0|14|14|0.0|2|2|1|1|4|4|0.0|6|6|0.0|0.1366424560546875|0.08883094787597656|0|0.22547340393066406
(6461,6467,2914)|2|2|0.0|14|14|0.0|2|2|1|1|4|4|0.0|6|6|0.0|0.06125187873840332|0.04092860221862793|0|0.10218048095703125
(6461,6467,2914)|2|2|0.0|14|14|0.0|2|2|1|1|4|4|0.0|6|6|0.0|0.07231760025024414|0.061260223388671875|0|0.13357782363891602
(6461,6467,2914)|2|2|0.0|14|14|0.0|2|2|1|1|4|4|0.0|6|6|0.0|0.11614346504211426|0.09595155715942383|0|0.21209502220153809
(6461,6467,1)|5|4|20.0|42|34|19.047619047619047|2|2|2|2|7|6|14.285714285714286|12|10|16.666666666666668|0.659592866897583|0.8661072254180908|0|1.5257000923156738
(6461,6467,1)|5|5|0.0|42|42|0.0|2|2|2|2|7|7|0.0|12|12|0.0|1.7319889068603516|2.041044235229492|0|3.7730331420898438
(6461,6467,1)|5|4|20.0|42|34|19.047619047619047|2|2|2|2|7|7|0.0|12|12|0.0|1.0056004524230957|1.2484245300292969|0|2.2540249824523926
(6461,6467,1)|5|5|0.0|42|42|0.0|2|2|2|2|7|7|0.0|12|12|0.0|1.2668304443359375|1.7588226795196533|0|3.025653123855591
(6461,6467,1)|5|5|0.0|42|42|0.0|2|2|2|2|7|7|0.0|12|12|0.0|0.717529296875|1.1562092304229736|0|1.8737385272979736
(6461,6467,1)|5|3|40.0|42|26|38.095238095238095|2|2|2|2|7|6|14.285714285714286|12|9|25.0|1.6455557346343994|1.4203341007232666|0|3.065889835357666
(6461,6467,1)|5|5|0.0|42|42|0.0|2|2|2|2|7|7|0.0|12|12|0.0|1.348738431930542|1.6684291362762451|0|3.017167568206787
(6461,6467,1)|5|5|0.0|42|42|0.0|2|2|2|2|7|7|0.0|12|12|0.0|1.0166070461273193|1.3255324363708496|0|2.342139482498169
(6461,6467,1)|5|3|40.0|42|26|38.095238095238095|2|2|2|2|7|6|14.285714285714286|12|9|25.0|0.6283206939697266|0.7024433612823486|0|1.3307640552520752
(6461,6467,1)|5|5|0.0|42|42|0.0|2|2|2|2|7|7|0.0|12|12|0.0|1.2757632732391357|1.8499834537506104|0|3.125746726989746
(6461,6467,1239)|6|2|66.66666666666667|46|14|69.56521739130434|2|1|2|2|5|3|40.0|10|5|50.0|0.19141077995300293|0.3247246742248535|0|0.5161354541778564
(6461,6467,1239)|6|4|33.333333333333336|46|30|34.78260869565217|2|2|2|2|5|5|0.0|10|9|10.0|0.22728323936462402|0.6636142730712891|0|0.8908975124359131
(6461,6467,1239)|6|6|0.0|46|46|0.0|2|2|2|2|5|5|0.0|10|10|0.0|0.22314095497131348|1.009077548980713|0|1.2322185039520264
(6461,6467,1239)|6|5|16.666666666666668|46|38|17.391304347826086|2|2|2|2|5|5|0.0|10|10|0.0|0.24928855895996094|0.7389121055603027|0|0.9882006645202637
(6461,6467,1239)|6|4|33.333333333333336|46|30|34.78260869565217|2|1|2|2|5|4|20.0|10|8|20.0|0.19237327575683594|0.6318926811218262|0|0.8242659568786621
(6461,6467,1239)|6|5|16.666666666666668|46|38|17.391304347826086|2|2|2|2|5|5|0.0|10|10|0.0|0.23913121223449707|0.8585164546966553|0|1.0976476669311523
(6461,6467,1239)|6|6|0.0|46|46|0.0|2|2|2|2|5|5|0.0|10|10|0.0|0.21456480026245117|1.022705078125|0|1.2372698783874512
(6461,6467,1239)|6|3|50.0|46|22|52.17391304347826|2|1|2|2|5|4|20.0|10|7|30.0|0.19997620582580566|0.575847864151001|0|0.7758240699768066
(6461,6467,1239)|6|4|33.333333333333336|46|30|34.78260869565217|2|1|2|2|5|4|20.0|10|8|20.0|0.2530477046966553|0.5882546901702881|0|0.8413023948669434
(6461,6467,1239)|6|6|0.0|46|46|0.0|2|2|2|2|5|5|0.0|10|10|0.0|0.2745969295501709|1.1679959297180176|0|1.4425928592681885
(6461,6467,701)|13|13|0.0|116|116|0.0|2|2|3|3|9|9|0.0|17|17|0.0|14.901628494262695|20.983731269836426|0|35.88535976409912
(6461,6467,701)|13|11|15.384615384615385|116|96|17.24137931034483|2|2|3|3|9|9|0.0|17|16|5.882352941176471|15.290230989456177|22.2774395942688|0|37.567670583724976
(6461,6467,701)|13|6|53.84615384615385|116|50|56.89655172413793|2|2|3|2|9|5|44.44444444444444|17|10|41.1764705882353|9.394078969955444|16.20589303970337|0|25.599972009658813
(6461,6467,701)|13|6|53.84615384615385|116|52|55.172413793103445|2|1|3|3|9|8|11.11111111111111|17|14|17.647058823529413|11.016491174697876|15.867707967758179|0|26.884199142456055
(6461,6467,701)|13|6|53.84615384615385|116|50|56.89655172413793|2|1|3|3|9|6|33.333333333333336|17|11|35.294117647058826|7.680729150772095|14.384138107299805|0|22.0648672580719
(6461,6467,701)|13|10|23.076923076923077|116|88|24.137931034482758|2|2|3|3|9|9|0.0|17|16|5.882352941176471|16.846169233322144|22.390388011932373|0|39.23655724525452
(6461,6467,701)|13|6|53.84615384615385|116|52|55.172413793103445|2|1|3|3|9|7|22.22222222222222|17|12|29.41176470588235|9.628559350967407|11.099502086639404|0|20.72806143760681
(6461,6467,701)|13|12|7.6923076923076925|116|106|8.620689655172415|2|2|3|3|9|8|11.11111111111111|17|15|11.764705882352942|22.003076314926147|29.307284116744995|0|51.31036043167114
(6461,6467,701)|13|13|0.0|116|116|0.0|2|2|3|3|9|9|0.0|17|17|0.0|23.986291885375977|31.771955728530884|0|55.75824761390686
(6461,6467,701)|13|12|7.6923076923076925|116|106|8.620689655172415|2|2|3|3|9|8|11.11111111111111|17|15|11.764705882352942|20.811784982681274|26.9960675239563|0|47.80785250663757
(701,6467,2914)|16|13|18.75|134|110|17.91044776119403|4|3|2|2|10|10|0.0|22|20|9.090909090909092|17.577433586120605|21.06611680984497|0|38.643550395965576
(701,6467,2914)|16|11|31.25|134|90|32.83582089552239|4|3|2|2|10|9|10.0|22|19|13.636363636363637|9.305051326751709|18.141712427139282|0|27.44676375389099
(701,6467,2914)|16|9|43.75|134|78|41.791044776119406|4|2|2|2|10|8|20.0|22|15|31.818181818181817|11.889389276504517|12.44756031036377|0|24.336949586868286
(701,6467,2914)|16|12|25.0|134|102|23.880597014925375|4|3|2|2|10|10|0.0|22|19|13.636363636363637|15.987398147583008|18.69832134246826|0|34.68571949005127
(701,6467,2914)|16|14|12.5|134|118|11.940298507462687|4|3|2|2|10|10|0.0|22|20|9.090909090909092|16.58136820793152|22.8953378200531|0|39.47670602798462
(701,6467,2914)|16|11|31.25|134|94|29.850746268656717|4|2|2|2|10|8|20.0|22|16|27.272727272727273|16.07198691368103|16.45533013343811|0|32.52731704711914
(701,6467,2914)|16|10|37.5|134|82|38.80597014925373|4|3|2|2|10|8|20.0|22|16|27.272727272727273|8.824042558670044|16.435653924942017|0|25.25969648361206
(701,6467,2914)|16|9|43.75|134|74|44.776119402985074|4|3|2|2|10|9|10.0|22|16|27.272727272727273|9.52793550491333|15.09477972984314|0|24.62271523475647
(701,6467,2914)|16|8|50.0|134|66|50.74626865671642|4|3|2|1|10|9|10.0|22|17|22.727272727272727|10.88717770576477|14.431290864944458|0|25.31846857070923
(701,6467,2914)|16|8|50.0|134|66|50.74626865671642|4|3|2|1|10|9|10.0|22|17|22.727272727272727|11.113419771194458|15.62638545036316|0|26.739805221557617
(701,6467,1)|15|11|26.666666666666668|142|104|26.760563380281692|4|3|2|2|11|9|18.181818181818183|23|18|21.73913043478261|26.946529150009155|35.50416970252991|0|62.45069885253906
(701,6467,1)|15|12|20.0|142|112|21.12676056338028|4|3|2|2|11|10|9.090909090909092|23|21|8.695652173913043|25.672314405441284|37.026283979415894|0|62.69859838485718
(701,6467,1)|15|4|73.33333333333333|142|38|73.2394366197183|4|2|2|1|11|7|36.36363636363637|23|11|52.17391304347826|15.6679048538208|16.018555879592896|0|31.686460733413696
(701,6467,1)|15|12|20.0|142|112|21.12676056338028|4|3|2|2|11|9|18.181818181818183|23|18|21.73913043478261|28.273611545562744|39.69492721557617|0|67.96853876113892
(701,6467,1)|15|8|46.666666666666664|142|74|47.88732394366197|4|3|2|2|11|9|18.181818181818183|23|16|30.434782608695652|16.5245304107666|26.98439884185791|0|43.50892925262451
(701,6467,1)|15|13|13.333333333333334|142|124|12.67605633802817|4|3|2|2|11|11|0.0|23|23|0.0|35.591386795043945|45.73371362686157|0|81.32510042190552
(701,6467,1)|15|12|20.0|142|114|19.718309859154928|4|3|2|2|11|10|9.090909090909092|23|20|13.043478260869565|29.745139598846436|34.987874269485474|0|64.73301386833191
(701,6467,1)|15|7|53.333333333333336|142|66|53.521126760563384|4|2|2|2|11|8|27.272727272727273|23|14|39.130434782608695|22.21897602081299|28.9237163066864|0|51.14269232749939
(701,6467,1)|15|12|20.0|142|114|19.718309859154928|4|3|2|2|11|10|9.090909090909092|23|20|13.043478260869565|37.28980588912964|45.70167565345764|0|82.99148154258728
(701,6467,1)|15|12|20.0|142|114|19.718309859154928|4|3|2|2|11|11|0.0|23|23|0.0|31.827990293502808|37.99544429779053|0|69.82343459129333
(701,6467,6461)|5|5|0.0|44|44|0.0|4|4|1|1|8|8|0.0|13|13|0.0|2.8875274658203125|3.515540599822998|0|6.4030680656433105
(701,6467,6461)|5|5|0.0|44|44|0.0|4|4|1|1|8|8|0.0|13|13|0.0|2.8538670539855957|3.4085590839385986|0|6.262426137924194
(701,6467,6461)|5|5|0.0|44|44|0.0|4|4|1|1|8|8|0.0|13|13|0.0|2.7827060222625732|3.469034194946289|0|6.251740217208862
(701,6467,6461)|5|3|40.0|44|26|40.90909090909091|4|3|1|1|8|6|25.0|13|9|30.76923076923077|1.6083722114562988|2.1032211780548096|0|3.7115933895111084
(701,6467,6461)|5|5|0.0|44|44|0.0|4|4|1|1|8|8|0.0|13|13|0.0|2.8408303260803223|3.2542624473571777|0|6.0950927734375
(701,6467,6461)|5|3|40.0|44|28|36.36363636363637|4|2|1|1|8|6|25.0|13|9|30.76923076923077|2.612635850906372|1.7363455295562744|0|4.3489813804626465
(701,6467,6461)|5|5|0.0|44|44|0.0|4|4|1|1|8|8|0.0|13|13|0.0|2.83091139793396|3.4598586559295654|0|6.290770053863525
(701,6467,6461)|5|4|20.0|44|36|18.181818181818183|4|3|1|1|8|7|12.5|13|11|15.384615384615385|2.900984764099121|2.6243410110473633|0|5.525325775146484
(701,6467,6461)|5|3|40.0|44|26|40.90909090909091|4|3|1|1|8|6|25.0|13|9|30.76923076923077|1.5506465435028076|2.2119436264038086|0|3.762590169906616
(701,6467,6461)|5|4|20.0|44|36|18.181818181818183|4|3|1|1|8|7|12.5|13|11|15.384615384615385|2.930701971054077|2.5825772285461426|0|5.51327919960022
(1785,6467,2914)|2|2|0.0|14|14|0.0|1|1|2|2|4|4|0.0|6|6|0.0|0.05377840995788574|0.04249835014343262|0|0.09627676010131836
(1785,6467,2914)|2|2|0.0|14|14|0.0|1|1|2|2|4|4|0.0|6|6|0.0|0.06327462196350098|0.08717036247253418|0|0.15044498443603516
(1785,6467,2914)|2|2|0.0|14|14|0.0|1|1|2|2|4|4|0.0|6|6|0.0|0.05631542205810547|0.09936642646789551|0|0.15568184852600098
(1785,6467,2914)|2|2|0.0|14|14|0.0|1|1|2|2|4|4|0.0|6|6|0.0|0.06337356567382812|0.11199808120727539|0|0.17537164688110352
(1785,6467,2914)|2|2|0.0|14|14|0.0|1|1|2|2|4|4|0.0|6|6|0.0|0.07535433769226074|0.12905383110046387|0|0.2044081687927246
(1785,6467,2914)|2|2|0.0|14|14|0.0|1|1|2|2|4|4|0.0|6|6|0.0|0.05586600303649902|0.04384207725524902|0|0.09970808029174805
(1785,6467,2914)|2|2|0.0|14|14|0.0|1|1|2|2|4|4|0.0|6|6|0.0|0.10613727569580078|0.040239572525024414|0|0.1463768482208252
(1785,6467,2914)|2|2|0.0|14|14|0.0|1|1|2|2|4|4|0.0|6|6|0.0|0.06027483940124512|0.06336426734924316|0|0.12363910675048828
(1785,6467,2914)|2|2|0.0|14|14|0.0|1|1|2|2|4|4|0.0|6|6|0.0|0.0573117733001709|0.05394601821899414|0|0.11125779151916504
(1785,6467,2914)|2|2|0.0|14|14|0.0|1|1|2|2|4|4|0.0|6|6|0.0|0.06313920021057129|0.045683860778808594|0|0.10882306098937988
(1785,6467,1)|4|3|25.0|32|24|25.0|1|1|3|3|7|6|14.285714285714286|11|9|18.181818181818183|0.12433433532714844|0.37509965896606445|0|0.4994339942932129
(1785,6467,1)|4|3|25.0|32|24|25.0|1|1|3|3|7|6|14.285714285714286|11|9|18.181818181818183|0.12604570388793945|0.29871439933776855|0|0.424760103225708
(1785,6467,1)|4|2|50.0|32|16|50.0|1|1|3|2|7|4|42.857142857142854|11|6|45.45454545454545|0.14503169059753418|0.2650938034057617|0|0.4101254940032959
(1785,6467,1)|4|3|25.0|32|24|25.0|1|1|3|3|7|6|14.285714285714286|11|9|18.181818181818183|0.11808061599731445|0.4659557342529297|0|0.5840363502502441
(1785,6467,1)|4|3|25.0|32|24|25.0|1|1|3|3|7|6|14.285714285714286|11|9|18.181818181818183|0.1520850658416748|0.23945260047912598|0|0.3915376663208008
(1785,6467,1)|4|3|25.0|32|24|25.0|1|1|3|2|7|6|14.285714285714286|11|9|18.181818181818183|0.18411803245544434|0.32591819763183594|0|0.5100362300872803
(1785,6467,1)|4|3|25.0|32|24|25.0|1|1|3|3|7|6|14.285714285714286|11|9|18.181818181818183|0.11760568618774414|0.2593405246734619|0|0.37694621086120605
(1785,6467,1)|4|4|0.0|32|32|0.0|1|1|3|3|7|7|0.0|11|11|0.0|0.13964056968688965|0.32042932510375977|0|0.4600698947906494
(1785,6467,1)|4|2|50.0|32|16|50.0|1|1|3|2|7|5|28.571428571428573|11|7|36.36363636363637|0.12045598030090332|0.2352144718170166|0|0.3556704521179199
(1785,6467,1)|4|2|50.0|32|16|50.0|1|1|3|1|7|4|42.857142857142854|11|6|45.45454545454545|0.2806093692779541|0.32573604583740234|0|0.6063454151153564
(1785,6467,6461)|1|1|0.0|8|8|0.0|1|1|1|1|3|3|0.0|4|4|0.0|0.013685941696166992|2.4080276489257812e-05|0|0.01371002197265625
(1785,6467,6461)|1|1|0.0|8|8|0.0|1|1|1|1|3|3|0.0|4|4|0.0|0.009723663330078125|0.0008342266082763672|0|0.010557889938354492
(1785,6467,6461)|1|1|0.0|8|8|0.0|1|1|1|1|3|3|0.0|4|4|0.0|0.01435089111328125|0.0008656978607177734|0|0.015216588973999023
(1785,6467,6461)|1|1|0.0|8|8|0.0|1|1|1|1|3|3|0.0|4|4|0.0|0.009640932083129883|0.0007886886596679688|0|0.010429620742797852
(1785,6467,6461)|1|1|0.0|8|8|0.0|1|1|1|1|3|3|0.0|4|4|0.0|0.00962686538696289|0.0008721351623535156|0|0.010499000549316406
(1785,6467,6461)|1|1|0.0|8|8|0.0|1|1|1|1|3|3|0.0|4|4|0.0|0.009790420532226562|0.001009225845336914|0|0.010799646377563477
(1785,6467,6461)|1|1|0.0|8|8|0.0|1|1|1|1|3|3|0.0|4|4|0.0|0.009751319885253906|0.0008511543273925781|0|0.010602474212646484
(1785,6467,6461)|1|1|0.0|8|8|0.0|1|1|1|1|3|3|0.0|4|4|0.0|0.009619474411010742|0.0008056163787841797|0|0.010425090789794922
(1785,6467,6461)|1|1|0.0|8|8|0.0|1|1|1|1|3|3|0.0|4|4|0.0|0.00964045524597168|0.0007793903350830078|0|0.010419845581054688
(1785,6467,6461)|1|1|0.0|8|8|0.0|1|1|1|1|3|3|0.0|4|4|0.0|0.009619951248168945|0.0008146762847900391|0|0.010434627532958984
(1785,6467,1239)|3|2|33.333333333333336|22|14|36.36363636363637|1|1|2|2|4|3|25.0|7|5|28.571428571428573|0.1525576114654541|0.2478351593017578|0|0.4003927707672119
(1785,6467,1239)|3|3|0.0|22|22|0.0|1|1|2|2|4|4|0.0|7|7|0.0|0.1259288787841797|0.29898762702941895|0|0.42491650581359863
(1785,6467,1239)|3|3|0.0|22|22|0.0|1|1|2|2|4|4|0.0|7|7|0.0|0.10939645767211914|0.34589529037475586|0|0.455291748046875
(1785,6467,1239)|3|2|33.333333333333336|22|14|36.36363636363637|1|1|2|2|4|3|25.0|7|5|28.571428571428573|0.37132787704467773|0.3137929439544678|0|0.6851208209991455
(1785,6467,1239)|3|3|0.0|22|22|0.0|1|1|2|2|4|4|0.0|7|7|0.0|0.10278201103210449|0.22118926048278809|0|0.3239712715148926
(1785,6467,1239)|3|3|0.0|22|22|0.0|1|1|2|2|4|4|0.0|7|7|0.0|0.12643742561340332|0.26073598861694336|0|0.3871734142303467
(1785,6467,1239)|3|3|0.0|22|22|0.0|1|1|2|2|4|4|0.0|7|7|0.0|0.08718371391296387|0.17302155494689941|0|0.2602052688598633
(1785,6467,1239)|3|2|33.333333333333336|22|14|36.36363636363637|1|1|2|2|4|3|25.0|7|5|28.571428571428573|0.09689831733703613|0.2315671443939209|0|0.32846546173095703
(1785,6467,1239)|3|2|33.333333333333336|22|14|36.36363636363637|1|1|2|2|4|3|25.0|7|5|28.571428571428573|0.11239933967590332|0.1336050033569336|0|0.24600434303283691
(1785,6467,1239)|3|2|33.333333333333336|22|14|36.36363636363637|1|1|2|2|4|3|25.0|7|5|28.571428571428573|0.12129068374633789|0.17945051193237305|0|0.30074119567871094
(1785,6467,701)|6|5|16.666666666666668|52|42|19.23076923076923|1|1|3|3|8|7|12.5|14|12|14.285714285714286|2.8828725814819336|4.352912187576294|0|7.2357847690582275
(1785,6467,701)|6|5|16.666666666666668|52|42|19.23076923076923|1|1|3|3|8|7|12.5|14|12|14.285714285714286|1.3610098361968994|2.3491430282592773|0|3.7101528644561768
(1785,6467,701)|6|4|33.333333333333336|52|34|34.61538461538461|1|1|3|3|8|7|12.5|14|11|21.428571428571427|3.2306740283966064|4.0757787227630615|0|7.306452751159668
(1785,6467,701)|6|4|33.333333333333336|52|34|34.61538461538461|1|1|3|3|8|7|12.5|14|11|21.428571428571427|3.580883026123047|4.211031198501587|0|7.791914224624634
(1785,6467,701)|6|6|0.0|52|52|0.0|1|1|3|3|8|8|0.0|14|14|0.0|4.968984842300415|6.4025397300720215|0|11.371524572372437
(1785,6467,701)|6|5|16.666666666666668|52|42|19.23076923076923|1|1|3|3|8|7|12.5|14|12|14.285714285714286|3.406071901321411|5.506219387054443|0|8.912291288375854
(1785,6467,701)|6|5|16.666666666666668|52|44|15.384615384615385|1|1|3|3|8|8|0.0|14|13|7.142857142857143|5.138401031494141|5.3215837478637695|0|10.45998477935791
(1785,6467,701)|6|6|0.0|52|52|0.0|1|1|3|3|8|8|0.0|14|14|0.0|5.034021854400635|6.2102210521698|0|11.244242906570435
(1785,6467,701)|6|6|0.0|52|52|0.0|1|1|3|3|8|8|0.0|14|14|0.0|2.207015037536621|3.24389386177063|0|5.450908899307251
(1785,6467,701)|6|6|0.0|52|52|0.0|1|1|3|3|8|8|0.0|14|14|0.0|5.077378273010254|6.210692644119263|0|11.288070917129517
(1,6467,2914)|6|3|50.0|44|22|50.0|4|2|1|1|8|5|37.5|14|8|42.857142857142854|0.24338698387145996|0.5377676486968994|0|0.7811546325683594
(1,6467,2914)|6|4|33.333333333333336|44|30|31.818181818181817|4|3|1|1|8|6|25.0|14|10|28.571428571428573|0.217026948928833|0.5984945297241211|0|0.8155214786529541
(1,6467,2914)|6|4|33.333333333333336|44|28|36.36363636363637|4|3|1|1|8|6|25.0|14|10|28.571428571428573|0.30469274520874023|0.6200940608978271|0|0.9247868061065674
(1,6467,2914)|6|5|16.666666666666668|44|36|18.181818181818183|4|4|1|1|8|7|12.5|14|12|14.285714285714286|0.20783185958862305|0.8433775901794434|0|1.0512094497680664
(1,6467,2914)|6|5|16.666666666666668|44|36|18.181818181818183|4|4|1|1|8|7|12.5|14|12|14.285714285714286|0.2453451156616211|0.797173023223877|0|1.042518138885498
(1,6467,2914)|6|5|16.666666666666668|44|36|18.181818181818183|4|4|1|1|8|7|12.5|14|12|14.285714285714286|0.20504117012023926|0.7645318508148193|0|0.9695730209350586
(1,6467,2914)|6|2|66.66666666666667|44|14|68.18181818181819|4|2|1|1|8|4|50.0|14|6|57.142857142857146|0.18385696411132812|0.2537989616394043|0|0.4376559257507324
(1,6467,2914)|6|3|50.0|44|22|50.0|4|3|1|1|8|5|37.5|14|8|42.857142857142854|0.3242361545562744|0.4182870388031006|0|0.742523193359375
(1,6467,2914)|6|4|33.333333333333336|44|28|36.36363636363637|4|4|1|1|8|6|25.0|14|10|28.571428571428573|0.2921142578125|0.4771549701690674|0|0.7692692279815674
(1,6467,2914)|6|5|16.666666666666668|44|36|18.181818181818183|4|4|1|1|8|7|12.5|14|12|14.285714285714286|0.18392038345336914|0.7397069931030273|0|0.9236273765563965
(1,6467,1239)|6|5|16.666666666666668|50|40|20.0|4|4|1|1|8|7|12.5|14|12|14.285714285714286|3.916064500808716|5.1186347007751465|0|9.034699201583862
(1,6467,1239)|6|5|16.666666666666668|50|40|20.0|4|4|1|1|8|7|12.5|14|12|14.285714285714286|3.453324794769287|5.2853310108184814|0|8.738655805587769
(1,6467,1239)|6|4|33.333333333333336|50|30|40.0|4|4|1|1|8|7|12.5|14|11|21.428571428571427|2.0454115867614746|4.7081239223480225|0|6.753535509109497
(1,6467,1239)|6|4|33.333333333333336|50|34|32.0|4|3|1|1|8|7|12.5|14|11|21.428571428571427|3.2647383213043213|4.438493251800537|0|7.703231573104858
(1,6467,1239)|6|6|0.0|50|50|0.0|4|4|1|1|8|8|0.0|14|14|0.0|4.969878911972046|6.312848091125488|0|11.282727003097534
(1,6467,1239)|6|6|0.0|50|50|0.0|4|4|1|1|8|8|0.0|14|14|0.0|5.001271724700928|5.977041482925415|0|10.978313207626343
(1,6467,1239)|6|4|33.333333333333336|50|34|32.0|4|3|1|1|8|6|25.0|14|10|28.571428571428573|3.501633644104004|4.227899074554443|0|7.729532718658447
(1,6467,1239)|6|6|0.0|50|50|0.0|4|4|1|1|8|8|0.0|14|14|0.0|4.9256298542022705|6.172089576721191|0|11.097719430923462
(1,6467,1239)|6|3|50.0|50|24|52.0|4|3|1|1|8|6|25.0|14|9|35.714285714285715|2.041811227798462|3.419761896133423|0|5.461573123931885
(1,6467,1239)|6|3|50.0|50|24|52.0|4|3|1|1|8|6|25.0|14|9|35.714285714285715|1.9600095748901367|3.1861753463745117|0|5.146184921264648
(1,6467,701)|16|13|18.75|146|116|20.54794520547945|4|4|2|1|11|11|0.0|23|23|0.0|31.86137866973877|44.23697829246521|0|76.09835696220398
(1,6467,701)|16|13|18.75|146|120|17.80821917808219|4|4|2|1|11|10|9.090909090909092|23|20|13.043478260869565|37.86338925361633|47.82029843330383|0|85.68368768692017
(1,6467,701)|16|10|37.5|146|88|39.726027397260275|4|4|2|1|11|9|18.181818181818183|23|18|21.73913043478261|29.614493370056152|41.16940784454346|0|70.78390121459961
(1,6467,701)|16|11|31.25|146|98|32.87671232876713|4|4|2|1|11|10|9.090909090909092|23|19|17.391304347826086|24.615495681762695|37.800729513168335|0|62.41622519493103
(1,6467,701)|16|8|50.0|146|68|53.42465753424658|4|3|2|1|11|8|27.272727272727273|23|15|34.78260869565217|22.36416530609131|33.3456289768219|0|55.70979428291321
(1,6467,701)|16|8|50.0|146|72|50.68493150684932|4|3|2|1|11|9|18.181818181818183|23|17|26.08695652173913|16.749349355697632|27.297142028808594|0|44.046491384506226
(1,6467,701)|16|10|37.5|146|88|39.726027397260275|4|4|2|1|11|10|9.090909090909092|23|19|17.391304347826086|26.825144052505493|41.09527945518494|0|67.92042350769043
(1,6467,701)|16|11|31.25|146|96|34.24657534246575|4|4|2|1|11|10|9.090909090909092|23|21|8.695652173913043|22.9124538898468|31.250806093215942|0|54.163259983062744
(1,6467,701)|16|8|50.0|146|70|52.054794520547944|4|3|2|1|11|8|27.272727272727273|23|15|34.78260869565217|22.554431915283203|33.80820155143738|0|56.36263346672058
(1,6467,701)|16|12|25.0|146|108|26.027397260273972|4|4|2|1|11|10|9.090909090909092|23|20|13.043478260869565|30.589694023132324|41.358814001083374|0|71.9485080242157
(2914,6467,1)|9|8|11.11111111111111|72|64|11.11111111111111|3|3|2|2|9|8|11.11111111111111|17|15|11.764705882352942|2.2685329914093018|4.103957653045654|0|6.372490644454956
(2914,6467,1)|9|8|11.11111111111111|72|64|11.11111111111111|3|3|2|2|9|8|11.11111111111111|17|15|11.764705882352942|3.2538962364196777|4.549711465835571|0|7.803607702255249
(2914,6467,1)|9|9|0.0|72|72|0.0|3|3|2|2|9|9|0.0|17|17|0.0|2.254236936569214|4.0135345458984375|0|6.267771482467651
(2914,6467,1)|9|6|33.333333333333336|72|48|33.333333333333336|3|3|2|2|9|7|22.22222222222222|17|13|23.529411764705884|2.1588785648345947|3.013233184814453|0|5.172111749649048
(2914,6467,1)|9|5|44.44444444444444|72|40|44.44444444444444|3|3|2|2|9|7|22.22222222222222|17|13|23.529411764705884|2.1717031002044678|2.6856603622436523|0|4.85736346244812
(2914,6467,1)|9|5|44.44444444444444|72|40|44.44444444444444|3|3|2|2|9|7|22.22222222222222|17|12|29.41176470588235|2.4986050128936768|2.542963981628418|0|5.041568994522095
(2914,6467,1)|9|6|33.333333333333336|72|48|33.333333333333336|3|3|2|2|9|8|11.11111111111111|17|15|11.764705882352942|2.5043513774871826|4.12000298500061|0|6.624354362487793
(2914,6467,1)|9|7|22.22222222222222|72|56|22.22222222222222|3|3|2|2|9|8|11.11111111111111|17|15|11.764705882352942|2.029024600982666|3.5228545665740967|0|5.551879167556763
(2914,6467,1)|9|6|33.333333333333336|72|48|33.333333333333336|3|3|2|2|9|8|11.11111111111111|17|15|11.764705882352942|1.832075834274292|2.749948740005493|0|4.582024574279785
(2914,6467,1)|9|6|33.333333333333336|72|48|33.333333333333336|3|3|2|2|9|6|33.333333333333336|17|11|35.294117647058826|2.5343613624572754|3.275642156600952|0|5.8100035190582275
(2914,6467,1239)|12|7|41.666666666666664|94|54|42.5531914893617|3|3|2|2|8|7|12.5|18|14|22.22222222222222|0.5039947032928467|2.563551425933838|0|3.0675461292266846
(2914,6467,1239)|12|7|41.666666666666664|94|54|42.5531914893617|3|2|2|2|8|6|25.0|18|13|27.77777777777778|0.565157413482666|2.6703507900238037|0|3.2355082035064697
(2914,6467,1239)|12|5|58.333333333333336|94|38|59.57446808510638|3|2|2|2|8|5|37.5|18|10|44.44444444444444|0.46918249130249023|1.9142334461212158|0|2.383415937423706
(2914,6467,1239)|12|10|16.666666666666668|94|78|17.02127659574468|3|2|2|2|8|7|12.5|18|16|11.11111111111111|0.5655636787414551|3.830024480819702|0|4.395588159561157
(2914,6467,1239)|12|6|50.0|94|46|51.06382978723404|3|2|2|2|8|7|12.5|18|13|27.77777777777778|0.4954826831817627|2.3712847232818604|0|2.866767406463623
(2914,6467,1239)|12|6|50.0|94|46|51.06382978723404|3|2|2|2|8|6|25.0|18|13|27.77777777777778|0.5742487907409668|2.536795139312744|0|3.111043930053711
(2914,6467,1239)|12|6|50.0|94|46|51.06382978723404|3|3|2|2|8|7|12.5|18|13|27.77777777777778|0.603114128112793|2.27740478515625|0|2.880518913269043
(2914,6467,1239)|12|5|58.333333333333336|94|38|59.57446808510638|3|3|2|2|8|8|0.0|18|13|27.77777777777778|0.47512197494506836|2.0445804595947266|0|2.519702434539795
(2914,6467,1239)|12|9|25.0|94|70|25.53191489361702|3|3|2|2|8|7|12.5|18|15|16.666666666666668|0.5903372764587402|3.361576557159424|0|3.951913833618164
(2914,6467,1239)|12|4|66.66666666666667|94|30|68.08510638297872|3|3|2|1|8|6|25.0|18|10|44.44444444444444|0.4772911071777344|1.5328171253204346|0|2.010108232498169
(2914,6467,701)|27|11|59.25925925925926|242|94|61.15702479338843|3|3|3|2|10|7|30.0|23|15|34.78260869565217|41.23526573181152|61.448729515075684|0|102.6839952468872
(2914,6467,701)|27|13|51.851851851851855|242|116|52.06611570247934|3|3|3|2|10|9|10.0|23|19|17.391304347826086|57.67276906967163|69.26240062713623|0|126.93516969680786
(2914,6467,701)|27|18|33.333333333333336|242|162|33.05785123966942|3|3|3|2|10|9|10.0|23|20|13.043478260869565|54.16444492340088|74.99352931976318|0|129.15797424316406
(2914,6467,701)|27|7|74.07407407407408|242|58|76.03305785123968|3|3|3|2|10|6|40.0|23|12|47.82608695652174|29.85623264312744|39.85613703727722|0|69.71236968040466
(2914,6467,701)|27|13|51.851851851851855|242|118|51.239669421487605|3|3|3|2|10|9|10.0|23|19|17.391304347826086|50.29050588607788|63.5484299659729|0|113.83893585205078
(2914,6467,701)|27|13|51.851851851851855|242|112|53.71900826446281|3|2|3|2|10|6|40.0|23|14|39.130434782608695|39.880861043930054|66.1682198047638|0|106.04908084869385
(2914,6467,701)|27|12|55.55555555555556|242|108|55.37190082644628|3|3|3|2|10|8|20.0|23|18|21.73913043478261|52.34774613380432|66.47895860671997|0|118.82670474052429
(2914,6467,701)|27|8|70.37037037037037|242|70|71.07438016528926|3|3|3|2|10|7|30.0|23|15|34.78260869565217|36.87803101539612|44.48811435699463|0|81.36614537239075
(2914,6467,701)|27|18|33.333333333333336|242|162|33.05785123966942|3|3|3|2|10|10|0.0|23|21|8.695652173913043|61.761112451553345|74.306960105896|0|136.06807255744934
(2914,6467,701)|27|21|22.22222222222222|242|190|21.487603305785125|3|3|3|2|10|9|10.0|23|20|13.043478260869565|78.37843799591064|100.56937766075134|0|178.947815656662
(7018,6467,2914)|2|2|0.0|14|14|0.0|1|1|2|2|4|4|0.0|6|6|0.0|0.05591583251953125|0.1281437873840332|0|0.18405961990356445
(7018,6467,2914)|2|2|0.0|14|14|0.0|1|1|2|2|4|4|0.0|6|6|0.0|0.07019615173339844|0.10935068130493164|0|0.17954683303833008
(7018,6467,2914)|2|2|0.0|14|14|0.0|1|1|2|2|4|4|0.0|6|6|0.0|0.1861104965209961|0.06470656394958496|0|0.25081706047058105
(7018,6467,2914)|2|2|0.0|14|14|0.0|1|1|2|2|4|4|0.0|6|6|0.0|0.07165002822875977|0.07991242408752441|0|0.15156245231628418
(7018,6467,2914)|2|2|0.0|14|14|0.0|1|1|2|2|4|4|0.0|6|6|0.0|0.10278558731079102|0.08857607841491699|0|0.191361665725708
(7018,6467,2914)|2|2|0.0|14|14|0.0|1|1|2|2|4|4|0.0|6|6|0.0|0.07145142555236816|0.08337855339050293|0|0.1548299789428711
(7018,6467,2914)|2|2|0.0|14|14|0.0|1|1|2|2|4|4|0.0|6|6|0.0|0.09140610694885254|0.05311393737792969|0|0.14452004432678223
(7018,6467,2914)|2|2|0.0|14|14|0.0|1|1|2|2|4|4|0.0|6|6|0.0|0.08652591705322266|0.06332111358642578|0|0.14984703063964844
(7018,6467,2914)|2|2|0.0|14|14|0.0|1|1|2|2|4|4|0.0|6|6|0.0|0.09502530097961426|0.06181478500366211|0|0.15684008598327637
(7018,6467,2914)|2|2|0.0|14|14|0.0|1|1|2|2|4|4|0.0|6|6|0.0|0.06266260147094727|0.0820624828338623|0|0.14472508430480957
(7018,6467,1)|4|3|25.0|32|24|25.0|1|1|3|3|7|6|14.285714285714286|11|9|18.181818181818183|0.17981815338134766|0.3791933059692383|0|0.5590114593505859
(7018,6467,1)|4|2|50.0|32|16|50.0|1|1|3|2|7|4|42.857142857142854|11|6|45.45454545454545|0.14301013946533203|0.194199800491333|0|0.33720993995666504
(7018,6467,1)|4|3|25.0|32|24|25.0|1|1|3|3|7|6|14.285714285714286|11|9|18.181818181818183|0.16164469718933105|0.32474255561828613|0|0.4863872528076172
(7018,6467,1)|4|3|25.0|32|24|25.0|1|1|3|2|7|6|14.285714285714286|11|9|18.181818181818183|0.1750047206878662|0.26950883865356445|0|0.44451355934143066
(7018,6467,1)|4|4|0.0|32|32|0.0|1|1|3|3|7|7|0.0|11|11|0.0|0.17493581771850586|0.325366735458374|0|0.5003025531768799
(7018,6467,1)|4|3|25.0|32|24|25.0|1|1|3|2|7|6|14.285714285714286|11|9|18.181818181818183|0.21294355392456055|0.27698206901550293|0|0.4899256229400635
(7018,6467,1)|4|4|0.0|32|32|0.0|1|1|3|3|7|7|0.0|11|11|0.0|0.13229036331176758|0.35476040840148926|0|0.48705077171325684
(7018,6467,1)|4|3|25.0|32|24|25.0|1|1|3|2|7|6|14.285714285714286|11|9|18.181818181818183|0.12389540672302246|0.3149259090423584|0|0.43882131576538086
(7018,6467,1)|4|2|50.0|32|16|50.0|1|1|3|2|7|5|28.571428571428573|11|7|36.36363636363637|0.14413118362426758|0.1801285743713379|0|0.32425975799560547
(7018,6467,1)|4|2|50.0|32|16|50.0|1|1|3|2|7|5|28.571428571428573|11|7|36.36363636363637|0.12650489807128906|0.14653563499450684|0|0.2730405330657959
(7018,6467,6461)|1|1|0.0|8|8|0.0|1|1|1|1|3|3|0.0|4|4|0.0|0.009562015533447266|2.2649765014648438e-05|0|0.009584665298461914
(7018,6467,6461)|1|1|0.0|8|8|0.0|1|1|1|1|3|3|0.0|4|4|0.0|0.009717702865600586|0.0008804798126220703|0|0.010598182678222656
(7018,6467,6461)|1|1|0.0|8|8|0.0|1|1|1|1|3|3|0.0|4|4|0.0|0.013975381851196289|0.0011124610900878906|0|0.01508784294128418
(7018,6467,6461)|1|1|0.0|8|8|0.0|1|1|1|1|3|3|0.0|4|4|0.0|0.009601593017578125|0.0008728504180908203|0|0.010474443435668945
(7018,6467,6461)|1|1|0.0|8|8|0.0|1|1|1|1|3|3|0.0|4|4|0.0|0.009598255157470703|0.0007395744323730469|0|0.01033782958984375
(7018,6467,6461)|1|1|0.0|8|8|0.0|1|1|1|1|3|3|0.0|4|4|0.0|0.009555578231811523|0.0008084774017333984|0|0.010364055633544922
(7018,6467,6461)|1|1|0.0|8|8|0.0|1|1|1|1|3|3|0.0|4|4|0.0|0.009601593017578125|0.0007436275482177734|0|0.010345220565795898
(7018,6467,6461)|1|1|0.0|8|8|0.0|1|1|1|1|3|3|0.0|4|4|0.0|0.00955057144165039|0.0007297992706298828|0|0.010280370712280273
(7018,6467,6461)|1|1|0.0|8|8|0.0|1|1|1|1|3|3|0.0|4|4|0.0|0.009863138198852539|0.0009431838989257812|0|0.01080632209777832
(7018,6467,6461)|1|1|0.0|8|8|0.0|1|1|1|1|3|3|0.0|4|4|0.0|0.00984954833984375|0.0008993148803710938|0|0.010748863220214844
(7018,6467,1239)|3|3|0.0|22|22|0.0|1|1|2|2|4|4|0.0|7|7|0.0|0.20181035995483398|0.25383496284484863|0|0.4556453227996826
(7018,6467,1239)|3|3|0.0|22|22|0.0|1|1|2|2|4|4|0.0|7|7|0.0|0.251758337020874|0.49007725715637207|0|0.7418355941772461
(7018,6467,1239)|3|2|33.333333333333336|22|14|36.36363636363637|1|1|2|2|4|3|25.0|7|5|28.571428571428573|0.24251484870910645|0.2287158966064453|0|0.47123074531555176
(7018,6467,1239)|3|3|0.0|22|22|0.0|1|1|2|2|4|4|0.0|7|7|0.0|0.18115520477294922|0.3288295269012451|0|0.5099847316741943
(7018,6467,1239)|3|3|0.0|22|22|0.0|1|1|2|2|4|4|0.0|7|7|0.0|0.16210222244262695|0.15482544898986816|0|0.3169276714324951
(7018,6467,1239)|3|2|33.333333333333336|22|14|36.36363636363637|1|1|2|2|4|3|25.0|7|5|28.571428571428573|0.09760904312133789|0.11279630661010742|0|0.2104053497314453
(7018,6467,1239)|3|2|33.333333333333336|22|14|36.36363636363637|1|1|2|2|4|3|25.0|7|5|28.571428571428573|0.15166592597961426|0.10448765754699707|0|0.25615358352661133
(7018,6467,1239)|3|2|33.333333333333336|22|14|36.36363636363637|1|1|2|2|4|3|25.0|7|5|28.571428571428573|0.14882206916809082|0.31848835945129395|0|0.46731042861938477
(7018,6467,1239)|3|3|0.0|22|22|0.0|1|1|2|2|4|4|0.0|7|7|0.0|0.18303275108337402|0.270566463470459|0|0.453599214553833
(7018,6467,1239)|3|3|0.0|22|22|0.0|1|1|2|2|4|4|0.0|7|7|0.0|0.12022757530212402|0.15592360496520996|0|0.276151180267334
(7018,6467,701)|6|6|0.0|52|52|0.0|1|1|3|3|8|8|0.0|14|14|0.0|4.16667366027832|5.264754772186279|0|9.4314284324646
(7018,6467,701)|6|6|0.0|52|52|0.0|1|1|3|3|8|8|0.0|14|14|0.0|4.21400260925293|5.319019079208374|0|9.533021688461304
(7018,6467,701)|6|6|0.0|52|52|0.0|1|1|3|3|8|8|0.0|14|14|0.0|3.396348714828491|4.101112127304077|0|7.497460842132568
(7018,6467,701)|6|5|16.666666666666668|52|42|19.23076923076923|1|1|3|3|8|7|12.5|14|12|14.285714285714286|3.4270224571228027|5.292085409164429|0|8.719107866287231
(7018,6467,701)|6|5|16.666666666666668|52|44|15.384615384615385|1|1|3|3|8|8|0.0|14|13|7.142857142857143|2.176936626434326|2.984618663787842|0|5.161555290222168
(7018,6467,701)|6|6|0.0|52|52|0.0|1|1|3|3|8|8|0.0|14|14|0.0|2.241417169570923|3.3924877643585205|0|5.633904933929443
(7018,6467,701)|6|6|0.0|52|52|0.0|1|1|3|3|8|8|0.0|14|14|0.0|4.09303092956543|5.191467046737671|0|9.2844979763031
(7018,6467,701)|6|4|33.333333333333336|52|32|38.46153846153846|1|1|3|3|8|6|25.0|14|10|28.571428571428573|1.4353725910186768|2.6396193504333496|0|4.074991941452026
(7018,6467,701)|6|5|16.666666666666668|52|42|19.23076923076923|1|1|3|3|8|7|12.5|14|12|14.285714285714286|2.872842311859131|4.611230134963989|0|7.48407244682312
(7018,6467,701)|6|5|16.666666666666668|52|42|19.23076923076923|1|1|3|3|8|7|12.5|14|12|14.285714285714286|3.2353765964508057|5.47912859916687|0|8.714505195617676
(1239,6467,7018)|3|3|0.0|22|22|0.0|2|2|1|1|4|4|0.0|7|7|0.0|0.0807499885559082|0.19615507125854492|0|0.2769050598144531
(1239,6467,7018)|3|3|0.0|22|22|0.0|2|2|1|1|4|4|0.0|7|7|0.0|0.0956430435180664|0.28507208824157715|0|0.38071513175964355
(1239,6467,7018)|3|2|33.333333333333336|22|14|36.36363636363637|2|2|1|1|4|3|25.0|7|5|28.571428571428573|0.15642929077148438|0.17577028274536133|0|0.3321995735168457
(1239,6467,7018)|3|2|33.333333333333336|22|14|36.36363636363637|2|2|1|1|4|3|25.0|7|5|28.571428571428573|0.16139769554138184|0.1439673900604248|0|0.30536508560180664
(1239,6467,7018)|3|2|33.333333333333336|22|14|36.36363636363637|2|2|1|1|4|3|25.0|7|5|28.571428571428573|0.10298681259155273|0.17841792106628418|0|0.2814047336578369
(1239,6467,7018)|3|3|0.0|22|22|0.0|2|2|1|1|4|4|0.0|7|7|0.0|0.09462165832519531|0.26433658599853516|0|0.35895824432373047
(1239,6467,7018)|3|3|0.0|22|22|0.0|2|2|1|1|4|4|0.0|7|7|0.0|0.17989015579223633|0.34622716903686523|0|0.5261173248291016
(1239,6467,7018)|3|2|33.333333333333336|22|14|36.36363636363637|2|2|1|1|4|3|25.0|7|5|28.571428571428573|0.14667487144470215|0.21842002868652344|0|0.3650949001312256
(1239,6467,7018)|3|3|0.0|22|22|0.0|2|2|1|1|4|4|0.0|7|7|0.0|0.1085665225982666|0.20868825912475586|0|0.31725478172302246
(1239,6467,7018)|3|2|33.333333333333336|22|14|36.36363636363637|2|2|1|1|4|3|25.0|7|5|28.571428571428573|0.08879637718200684|0.13511061668395996|0|0.2239069938659668
(1239,6467,2914)|12|9|25.0|94|70|25.53191489361702|2|2|3|3|8|7|12.5|18|14|22.22222222222222|0.6282835006713867|4.498167037963867|0|5.126450538635254
(1239,6467,2914)|12|7|41.666666666666664|94|54|42.5531914893617|2|2|3|3|8|6|25.0|18|12|33.333333333333336|0.5221936702728271|2.8117799758911133|0|3.3339736461639404
(1239,6467,2914)|12|5|58.333333333333336|94|38|59.57446808510638|2|2|3|2|8|5|37.5|18|11|38.888888888888886|0.4529895782470703|1.967517614364624|0|2.4205071926116943
(1239,6467,2914)|12|5|58.333333333333336|94|38|59.57446808510638|2|1|3|3|8|6|25.0|18|11|38.888888888888886|0.5153212547302246|1.8839714527130127|0|2.3992927074432373
(1239,6467,2914)|12|7|41.666666666666664|94|54|42.5531914893617|2|2|3|2|8|6|25.0|18|12|33.333333333333336|0.5394604206085205|2.641282558441162|0|3.1807429790496826
(1239,6467,2914)|12|8|33.333333333333336|94|62|34.04255319148936|2|2|3|3|8|7|12.5|18|14|22.22222222222222|0.6809523105621338|3.184760570526123|0|3.865712881088257
(1239,6467,2914)|12|8|33.333333333333336|94|62|34.04255319148936|2|2|3|3|8|6|25.0|18|12|33.333333333333336|0.6943552494049072|2.828770399093628|0|3.523125648498535
(1239,6467,2914)|12|7|41.666666666666664|94|54|42.5531914893617|2|2|3|2|8|6|25.0|18|13|27.77777777777778|0.7190485000610352|3.1292412281036377|0|3.848289728164673
(1239,6467,2914)|12|3|75.0|94|22|76.59574468085107|2|2|3|2|8|4|50.0|18|7|61.111111111111114|0.4163825511932373|1.5493731498718262|0|1.9657557010650635
(1239,6467,2914)|12|8|33.333333333333336|94|62|34.04255319148936|2|2|3|3|8|7|12.5|18|14|22.22222222222222|0.5049242973327637|2.9670915603637695|0|3.472015857696533
(1239,6467,1)|14|8|42.857142857142854|126|72|42.857142857142854|2|2|3|2|9|7|22.22222222222222|19|15|21.05263157894737|17.803775787353516|20.52945113182068|0|38.333226919174194
(1239,6467,1)|14|11|21.428571428571427|126|98|22.22222222222222|2|2|3|3|9|8|11.11111111111111|19|16|15.789473684210526|23.274166107177734|31.83551049232483|0|55.10967659950256
(1239,6467,1)|14|7|50.0|126|60|52.38095238095238|2|2|3|2|9|6|33.333333333333336|19|11|42.10526315789474|8.105844020843506|11.367896795272827|0|19.473740816116333
(1239,6467,1)|14|9|35.714285714285715|126|80|36.507936507936506|2|2|3|3|9|8|11.11111111111111|19|16|15.789473684210526|18.489253759384155|26.466922998428345|0|44.9561767578125
(1239,6467,1)|14|6|57.142857142857146|126|52|58.73015873015873|2|2|3|2|9|7|22.22222222222222|19|13|31.57894736842105|12.148735046386719|18.27895164489746|0|30.42768669128418
(1239,6467,1)|14|6|57.142857142857146|126|52|58.73015873015873|2|2|3|2|9|6|33.333333333333336|19|12|36.8421052631579|10.652931213378906|13.484709978103638|0|24.137641191482544
(1239,6467,1)|14|4|71.42857142857143|126|34|73.01587301587301|2|1|3|2|9|5|44.44444444444444|19|9|52.63157894736842|10.45571780204773|12.39024543762207|0|22.8459632396698
(1239,6467,1)|14|7|50.0|126|62|50.79365079365079|2|2|3|3|9|9|0.0|19|16|15.789473684210526|14.473789691925049|19.536359310150146|0|34.010149002075195
(1239,6467,1)|14|8|42.857142857142854|126|70|44.44444444444444|2|2|3|2|9|6|33.333333333333336|19|12|36.8421052631579|20.54730749130249|24.29457926750183|0|44.84188675880432
(1239,6467,1)|14|5|64.28571428571429|126|44|65.07936507936508|2|2|3|2|9|7|22.22222222222222|19|13|31.57894736842105|7.443310737609863|9.088055610656738|0|16.5313663482666
(1239,6467,1785)|3|2|33.333333333333336|22|14|36.36363636363637|2|2|1|1|4|3|25.0|7|5|28.571428571428573|0.09622621536254883|0.12440013885498047|0|0.2206263542175293
(1239,6467,1785)|3|3|0.0|22|22|0.0|2|2|1|1|4|4|0.0|7|7|0.0|0.10288500785827637|0.1897904872894287|0|0.2926754951477051
(1239,6467,1785)|3|2|33.333333333333336|22|14|36.36363636363637|2|2|1|1|4|3|25.0|7|5|28.571428571428573|0.13015222549438477|0.15683317184448242|0|0.2869853973388672
(1239,6467,1785)|3|2|33.333333333333336|22|14|36.36363636363637|2|2|1|1|4|3|25.0|7|5|28.571428571428573|0.08879327774047852|0.24731063842773438|0|0.3361039161682129
(1239,6467,1785)|3|3|0.0|22|22|0.0|2|2|1|1|4|4|0.0|7|7|0.0|0.14543509483337402|0.1730821132659912|0|0.31851720809936523
(1239,6467,1785)|3|3|0.0|22|22|0.0|2|2|1|1|4|4|0.0|7|7|0.0|0.09952759742736816|0.25853514671325684|0|0.358062744140625
(1239,6467,1785)|3|2|33.333333333333336|22|14|36.36363636363637|2|2|1|1|4|3|25.0|7|5|28.571428571428573|0.10671234130859375|0.2462151050567627|0|0.35292744636535645
(1239,6467,1785)|3|3|0.0|22|22|0.0|2|2|1|1|4|4|0.0|7|7|0.0|0.10903763771057129|0.3486309051513672|0|0.4576685428619385
(1239,6467,1785)|3|3|0.0|22|22|0.0|2|2|1|1|4|4|0.0|7|7|0.0|0.12477707862854004|0.17075705528259277|0|0.2955341339111328
(1239,6467,1785)|3|2|33.333333333333336|22|14|36.36363636363637|2|2|1|1|4|3|25.0|7|5|28.571428571428573|0.17817187309265137|0.1363692283630371|0|0.3145411014556885
(1239,6467,6461)|6|3|50.0|46|22|52.17391304347826|2|1|2|2|5|4|20.0|10|7|30.0|0.31215476989746094|0.6192712783813477|0|0.9314260482788086
(1239,6467,6461)|6|3|50.0|46|22|52.17391304347826|2|2|2|1|5|4|20.0|10|7|30.0|0.27236318588256836|0.4736979007720947|0|0.7460610866546631
(1239,6467,6461)|6|3|50.0|46|22|52.17391304347826|2|2|2|1|5|4|20.0|10|7|30.0|0.23693609237670898|0.5473501682281494|0|0.7842862606048584
(1239,6467,6461)|6|6|0.0|46|46|0.0|2|2|2|2|5|5|0.0|10|10|0.0|0.22768664360046387|1.1267130374908447|0|1.3543996810913086
(1239,6467,6461)|6|3|50.0|46|22|52.17391304347826|2|1|2|2|5|4|20.0|10|7|30.0|0.276599645614624|0.5984299182891846|0|0.8750295639038086
(1239,6467,6461)|6|3|50.0|46|22|52.17391304347826|2|2|2|1|5|4|20.0|10|7|30.0|0.25284552574157715|0.5329685211181641|0|0.7858140468597412
(1239,6467,6461)|6|2|66.66666666666667|46|14|69.56521739130434|2|2|2|1|5|3|40.0|10|5|50.0|0.3628530502319336|0.24202680587768555|0|0.6048798561096191
(1239,6467,6461)|6|3|50.0|46|22|52.17391304347826|2|2|2|1|5|4|20.0|10|7|30.0|0.5472772121429443|0.8877818584442139|0|1.4350590705871582
(1239,6467,6461)|6|5|16.666666666666668|46|38|17.391304347826086|2|2|2|2|5|5|0.0|10|10|0.0|0.24678659439086914|1.7432031631469727|0|1.9899897575378418
(1239,6467,6461)|6|5|16.666666666666668|46|38|17.391304347826086|2|2|2|2|5|5|0.0|10|10|0.0|0.27924489974975586|0.8107807636260986|0|1.0900256633758545
(1239,6467,701)|12|7|41.666666666666664|108|60|44.44444444444444|2|2|2|2|8|6|25.0|18|12|33.333333333333336|8.953454732894897|16.054601192474365|0|25.008055925369263
(1239,6467,701)|12|9|25.0|108|82|24.074074074074073|2|2|2|2|8|8|0.0|18|17|5.555555555555555|21.376670122146606|23.3930606842041|0|44.76973080635071
(1239,6467,701)|12|7|41.666666666666664|108|62|42.592592592592595|2|2|2|2|8|7|12.5|18|13|27.77777777777778|14.524319887161255|18.059218168258667|0|32.58353805541992
(1239,6467,701)|12|8|33.333333333333336|108|70|35.18518518518518|2|2|2|2|8|7|12.5|18|13|27.77777777777778|13.550373315811157|21.20646381378174|0|34.756837129592896
(1239,6467,701)|12|10|16.666666666666668|108|88|18.51851851851852|2|2|2|2|8|7|12.5|18|15|16.666666666666668|16.83314275741577|23.553032398223877|0|40.38617515563965
(1239,6467,701)|12|10|16.666666666666668|108|90|16.666666666666668|2|2|2|2|8|8|0.0|18|17|5.555555555555555|21.74492335319519|26.00789523124695|0|47.75281858444214
(1239,6467,701)|12|9|25.0|108|80|25.925925925925927|2|2|2|2|8|8|0.0|18|15|16.666666666666668|15.253669738769531|22.819161415100098|0|38.07283115386963
(1239,6467,701)|12|9|25.0|108|80|25.925925925925927|2|2|2|2|8|7|12.5|18|15|16.666666666666668|13.327750444412231|17.369011163711548|0|30.69676160812378
(1239,6467,701)|12|10|16.666666666666668|108|88|18.51851851851852|2|2|2|2|8|7|12.5|18|15|16.666666666666668|13.183778285980225|17.43157696723938|0|30.615355253219604
(1239,6467,701)|12|11|8.333333333333334|108|100|7.407407407407407|2|2|2|2|8|8|0.0|18|18|0.0|16.97563409805298|22.613269090652466|0|39.588903188705444
