10 2 1 0.0064 0.0001

20 2 1 0.0461 0.0001

10 2 5 0.0149 0.0

20 2 5 0.0914 0.0001

30 2 5 0.073 0.0002

40 2 5 0.2311 0.0002

50 2 5 0.2111 0.0003

60 2 5 0.1849 0.0003

70 2 5 0.5876 0.0004

80 2 5 0.5272 0.0005

90 2 5 0.5365 0.0005

100 2 5 0.5111 0.0006

50 2 1 50 2 1 0.0775 0.0002

20 2 1 0.043 0.0001

40 2 1 0.115 0.0002

60 2 1 0.0765 0.0003

80 2 1 0.3038 0.0004

100 2 1 0.3399 0.0005

20 2 1 0.0294 0.0001

40 2 1 0.131 0.0002

60 2 1 0.1187 0.0003

80 2 1 0.2996 0.0004

100 2 1 0.2635 0.0005

20 2 3 0.0271 0.0001

40 2 3 0.0559 0.0001

20 2 3 0.0509 0.0001

40 2 3 0.1627 0.0002

60 2 3 0.1251 0.0003

80 2 3 0.4373 0.0004

100 2 3 0.4106 0.0005

100 2 1 0.2786 0.0005

