1741.4963
1727.5059
1687.5196
1691.8307
1709.1203
1453.6173
1461.7511
1450.1925
1501.6783
1443.7088
1477.3912
1471.6294
1439.3289
1450.9322
1491.5361
1456.3442
1467.1889
1466.6019
1455.8366
1484.0378
1425.425
1486.3178
1454.7527
1484.1524
1470.1596
1467.1325
1483.9702
1462.7246
1469.8451
1454.0892
1457.4452
1467.4528
1430.398
1477.6366
1452.316
1452.9214
1406.642
1476.8498
1488.4262
1462.0366
1461.7906
1481.8515
1453.0818
1489.6738
1483.8374
1472.2461
1458.0793
1457.2077
1466.0709
1443.7568
1451.8775
1484.5471
1479.271
1489.024
1465.1091
1408.3217
1397.1258
1463.8333
1445.134
1462.9867
1470.5157
1485.865
1475.11
1407.6297
1469.9149
1474.6408
1483.5681
1472.8278
1453.2366
1460.5707
1459.8277
1399.6227
1480.7278
1486.7056
1471.1959
1469.4965
1425.7223
1486.3331
1471.4015
1501.141
1476.3051
1467.2975
1486.8398
1434.6042
1472.1913
1473.0315
1464.6783
1462.5744
1448.2941
1441.4639
1476.4116
1486.9809
1480.9796
1463.87
1462.0245
1490.3653
1482.7072
1464.0604
1475.6501