3206.6519
3254.8027
3364.3985
5334.092
4352.7513
5638.9666
4914.6748
3609.9968
1815.4943
1552.1997
4547.9782
1287.2927
674.9942
1232.6279
3809.1355
1817.7991
1266.8851
4235.5249
1266.3591
4541.6898
1832.7788
4495.7738
4559.8614
5459.143
4403.5903
3769.8515
4197.2551
4917.8067
3536.1333
1780.9758
3924.3572
4521.0549
977.5753
5604.9209
4909.4402
3838.6464
3808.2034
968.7857
4551.0874
5671.8068
5649.8246
1254.7637
5962.7962
702.9685
3219.9037
3495.8419
5584.6639
4499.8129
1784.8513
5989.2072
5099.6128
1243.888
1578.5202
1529.2634
4889.4849
3506.2514
5533.8057
7167.1707
2473.1973
3475.5991
3790.9059
951.7128
1258.533
1001.829
2688.6764
5113.8025
955.632
4153.721
1211.7804
4232.9619
3107.2583
5587.8148
3804.5551
4829.118
1514.7789
5323.2266
4878.3028
4215.9953
4942.3518
2960.083
692.3011
4267.8249
3441.7114
667.8041
4177.4835
1836.134
3483.5673
1259.9709
2529.2139
3231.4525
1277.8923
2689.8503
4916.3083
5807.2636
3850.5861
984.5743
694.5472
3988.189
5469.3001