4245.6033
4207.1113
4177.8719
4170.8581
3902.2799
3930.2238
3963.7863
3868.6851
3963.7633
3883.918
3858.3085
3932.3734
4009.9166
3884.2259
3925.4813
3926.6432
3888.4573
3880.6946
3931.6829
3975.7774
3920.2493
3876.6965
3871.0356
3949.0175
3890.7953
3878.4656
3878.9955
3867.36
3931.9673
3817.9512
3836.5935
3902.0525
3941.9469
3856.4779
3964.204
3876.7264
3816.6439
3939.3574
3882.0801
3971.1119
3861.8755
3838.843
3891.3753
3857.2629
3858.4523
3878.6508
4021.3364
3893.0995
3827.0238
3897.4492
3965.3399
3900.4528
3896.7134
3966.2787
3873.7705
3884.2771
3890.1517
3801.3141
3874.941
3852.4806
3871.2071
3849.993
3894.176
3880.6758
3877.6622
3893.5217
3933.6025
3849.5918
3855.417
3893.9736
3885.6518
3970.5121
3901.268
3909.5879
3904.7884
3892.832
3857.9178
3914.8567
3857.3508
3902.3257
3825.5038
3881.3023
3885.3126
3948.3255
3921.34
3806.3266
3889.8987
3911.2487
3881.7813
3899.2392
3866.3828
3998.096
3868.2579
3880.7498
3878.2599
3895.7403
3928.8442
3844.902
3908.873