34580
46732
57292
68116
68116
68116
78676
78676
80260
90556
90556
90556
90820
101116
101116
101380
101380
103756
114844
114844
114844
114844
114844
114844
114844
125404
125404
125404
125668
125668
126460
139004
149564
149564
149564
149564
149564
149564
149564
149564
149564
160124
160124
160124
160124
160388
160388
160388
160388
162764
181244
189428
189428
189428
189428
189428
189428
189428
189428
189428
189428
189428
189428
189428
199724
199724
199724
199988
199988
199988
199988
200252
200252
200252
202892
220844
228764
228764
228764
228764
228764
228764
228764
228764
228764
228764
228764
228764
228764
228764
228764
236948
236948
236948
236948
236948
236948
236948
236948
236948
236948
236948
236948
236948
236948
241436
274888
284916
284916
284916
284916
284916
284916
284916
284916
284916
284916
284916
284916
284916
284916
284916
284916
284916
284916
284916
284916
295212
295212
295212
295212
295212
295212
295212
295212
295212
295212
295212
295212
295212
295212
295212
295212
295212
316068
348804
348804
348804
348804
348804
348804
348804
348804
348804
348804
348804
348804
348804
348804
348804
348804
348804
348804
348804
348804
348804
349068
349068
349068
349068
357252
357252
357252
357252
357516
357516
357516
357516
357516
357516
357780
357780
357780
357780
358044
358044
358044
358044
358044
358308
358308
358308
378900
378900
411636
411636
411636
411636
411636
411636
411636
411636
411636
411636
411636
411636
411636
411636
411636
411636
411636
411636
411636
411636
411636
411636
411636
411636
411636
411636
411900
411900
411900
421140
421404
421404
421404
421404
421404
421404
421668
421668
421668
421668
421668
421668
421932
421932
421932
421932
422196
422196
422196
422196
422196
422196
422460
422460
422460
424308
442788
475524
475524
475524
475524
475524
475524
475524
475524
475524
475524
475524
475524
475524
475524
475524
475524
475524
475524
475524
475524
475524
475524
475524
475524
475524
475524
475524
475524
475524
475524
475524
475524
475524
475788
475788
486084
486084
486348
486348
486348
486348
486348
486348
486348
486612
486612
486612
486612
486612
486612
486876
486876
486876
486876
486876
487140
487140
487140
487140
487140
487140
487404
487404
487404
487404
487404
487404
489516
540204
540204
540204
540204
540204
540204
540204
540204
540204
540204
540204
540204
540204
540204
540204
540204
540204
540204
540204
540204
540204
540204
540204
540204
540204
540204
540204
540204
540204
540204
540204
540204
540468
540468
540468
540468
540468
540468
540468
540468
540468
540468
550764
550764
550764
550764
550764
550764
551028
551028
551028
551028
551028
551028
551292
551292
551292
551292
551292
551292
551556
551556
551556
551556
551556
551556
551820
551820
551820
551820
551820
551820
552084
552084
552084
552084
552084
554196
604620
604620
604620
604620
604620
604620
604620
604620
604620
604620
604620
604620
604620
604620
604620
604620
604620
604620
604620
604620
604620
604620
604620
604620
604620
604620
604620
604620
604620
604620
604620
604620
604620
604620
604620
604620
604620
604620
604620
604620
604620
604620
604620
604620
604884
604884
615180
615180
615180
615444
615444
615444
615444
615444
615444
615444
615708
615708
615708
615708
615708
615708
615708
615972
615972
615972
615972
615972
616236
616236
616236
616236
616236
616236
616236
616500
616500
616500
616500
616500
616500
616764
616764
616764
616764
616764
616764
618876
669036
669036
669036
669036
669036
669036
669036
669036
669036
669036
669036
669036
669036
669036
669036
669036
669036
669036
669036
669036
669036
669036
669036
669036
669036
669036
669036
669036
669036
669036
669036
669036
669036
669036
669036
669036
669036
669036
669036
669036
669036
669036
669036
669036
669036
669036
669036
669036
669036
669036
669036
669036
669300
679596
679860
679860
679860
679860
679860
679860
680124
680124
680124
680124
680124
680388
680388
680388
680388
680388
680388
680652
680652
680652
680652
680652
680652
680652
680916
680916
680916
680916
680916
680916
681180
681180
681180
681180
681180
681444
681444
681444
681444
681444
681444
681444
681444
681708
681708
681708
681708
681708
681708
702564
735300
768900
768900
779196
779196
779196
779196
779196
779196
779196
779196
779196
779196
779196
779196
779196
779196
779196
779196
779196
779196
779196
779196
779196
779196
779196
779196
779196
779196
779196
779196
779196
779196
779196
779196
779196
779196
779196
779196
779196
779196
779196
779196
779196
779196
779196
779196
779196
779196
779196
779196
779196
779196
779196
779196
779196
779460
779460
779460
779724
779724
790020
790284
790284
790284
790284
790284
790284
790284
790548
790548
790548
790548
790548
790548
790812
790812
790812
790812
790812
790812
790812
791076
791076
791076
791076
791076
791076
791340
791340
791340
791340
791340
791340
791604
791604
791604
791604
791604
791604
791604
791868
791868
791868
791868
791868
791868
792132
792132
792132
792132
792132
792132
792396
792396
792396
792396
845460
845460
880868
880868
891164
891164
891164
891164
891164
891164
891164
891164
891164
891164
891164
891164
891164
891164
891164
891164
891164
891164
891164
891164
891164
891164
891164
891164
891164
891164
891164
891164
891164
891164
891164
891164
891164
891164
891164
891164
891164
891164
891164
891164
891164
891164
891164
891164
891164
891164
891164
