740.9563
654.9351
422.7064
584.3275
493.0007
602.1538
559.7224
571.9600
549.9070
537.0281
623.0357
734.9718
700.8522
781.8720
539.6745
592.5627
612.0291
733.6884
653.8923
608.4659
597.6069
595.5048
494.3976
547.8315
712.4603
725.5712
877.8343
778.4405
552.0513
664.8924
551.1053
569.1321
542.6903
498.0249
639.5471
526.6259
452.0822
447.2566
541.8065
645.6354
528.3041
644.5479
665.7963
553.0958
422.4727
579.7462
715.1685
491.8654
504.7462
599.6013
576.1189
517.8809
662.0667
688.3898
522.3701
543.6568
555.8126
670.2948
475.4498
650.7823
560.0793
481.8168
770.9942
637.2969
549.0079
575.4313
518.3582
559.4256
600.0905
657.4407
443.2852
601.8047
565.7172
767.9849
562.2175
417.7940
566.2520
539.1669
791.1124
489.8846
581.9519
470.1252
575.1104
534.9474
458.2074
554.4479
494.6685
661.1822
609.7240
597.4402
541.1735
675.7095
639.3209
689.8348
655.3273
729.5463
566.9670
484.5829
494.1368
571.2981
